PetID,AdoptionSpeed
f42161740,2
0118db3a8,4
e5164d828,2
5335bfb38,4
ff2cf88a0,4
1d13441b9,3
7d835cf7c,3
577d15fea,3
91736f444,1
db194aec8,1
10516f3c6,4
c3106dcd5,1
fc3fbbb99,4
42dd3f3ff,3
da3be5cb2,4
4e9a13862,3
2fbf2cb7c,2
f45457bdc,3
aad08c47b,1
181d40c5e,4
1a3c44785,1
6786609aa,4
1c67c5f4c,1
bf6a56d33,4
06fda20a2,4
b940cf8b8,2
239c4b696,2
b67a29908,4
72f092b4b,2
7d1d7a4f6,2
c78cc1272,4
71ef1c6c4,1
1caf9686d,1
fdd77ab31,2
9104803d9,3
c5b5d2650,4
573900346,4
d0277b9d3,1
be7ff8075,2
c421064dd,4
8709b75c2,1
f527634f7,3
6aff78ff8,4
22e4974f2,2
0b6064845,3
ff8e7c016,3
aab56f3ff,1
ee4cb45ea,1
740d87a41,4
ca9841ab1,1
fc32f63d1,4
938bcf142,4
d48d94920,4
c932005f5,4
399856928,4
f262fd637,4
b1f1a42bf,3
b4446dca3,2
13a563b84,4
9003318e5,2
1965d2288,2
9af3fec83,1
a381e49c9,4
bd9e87899,4
7bce76c66,4
bac8c1a73,2
82b43d9cd,1
a5984b6df,4
16ffedcf8,3
af8fdab18,1
ae946bb63,2
08f40f232,4
58e2cf3d9,2
56cba1beb,1
0a8746c09,3
836b6e6f3,3
b5295b0e2,2
98b29e94a,1
e09807e6e,3
f2eb9530d,4
5a4b92653,1
2d0b49c8f,1
bdb5b7ecb,4
2514503e7,3
a6e33dddf,2
dad97c60d,2
9a34ddc8b,4
0244298a9,2
51741c1b7,4
f36876126,2
62d822791,1
22e73ac3a,1
047c20d1a,1
263e34731,1
43e4cb788,1
734459ad1,2
166947bb4,1
8e77d52ad,1
1ba539b66,4
5ddd7f219,3
682b7b7d0,4
c014197ab,2
f158bcd9e,4
554c80a2a,3
7fd7b7583,2
5f6931436,1
5f44a43f4,3
f08503742,3
e26548e11,2
fc9773fa5,2
f642366b6,3
392df6910,3
00c71a320,1
b5521c7e1,3
c78fa1a45,2
89f28de34,4
e778cd78b,3
e9df3ead7,1
49fcc3da1,3
3501d8f4f,1
076a67405,2
ad8b0d9d1,1
133a0db2c,1
05f99fc56,3
80c4e9e4d,1
799a41eba,4
4df3c8b8f,1
4084b0a93,1
b7d753c5a,3
8e938a436,1
107d56dc4,3
83703d7e0,2
e72a77ee4,4
409ccc60e,3
81075b785,3
e3e66cb5a,2
8f15fc3d8,3
0c4e78176,2
a91141912,1
7915144f9,3
6c83d00bf,4
ec4089e58,3
3998bcfec,1
38ed119b6,1
9e27976e9,3
cf2ae9919,1
061378b30,3
bec49d8b7,4
0d2394669,2
ca90f9062,2
cfe285c5f,4
8e0d93659,4
69b79d62d,4
1c2f669f2,4
e16882f44,2
bff5e06f5,4
bfa54aa27,4
814c9043a,2
18b2da498,1
ae116d640,4
918ae2c95,2
636389c7d,4
ae5f13659,1
880a0ac07,1
c9928594c,1
2dd6e4186,3
638447198,1
3181e5424,4
942af9028,2
31d921827,4
cd9d97bc8,2
b560efa40,3
71be09737,4
25560b530,4
532cac389,1
0858e3a6e,3
079f5f1e4,2
823d5bd7e,1
6984c9c58,1
1afdc26fa,2
9eb6e75e2,3
f922bd640,4
5b539effd,4
b6c338f94,4
b1021dc35,4
9aabc0113,1
ec040a1ef,2
f99231609,1
f8b827be1,1
e1e2ecc3e,1
8aa74d2d2,4
2bb2a981b,2
36edc334e,3
d8128cefd,4
a6da4c5df,1
694caa813,4
6b0103c04,3
352ba3335,3
50e35cd70,2
502c3e7ae,2
9b4dad348,2
971c160c7,2
4c56ed2b6,1
d25ad4b76,4
a963a6979,4
33ddc2011,4
6a7310588,1
fd67a3f2c,2
563eaa005,4
1a085d132,2
469aab50e,2
d277ab24d,4
d8e7caaff,2
29466dcf4,4
e59c8fc76,2
8673a672d,4
6d5afdb0f,2
1976719f7,1
a39034cfc,4
ab8dfa983,4
38d0a0bab,2
f38727a35,1
c45a57747,4
45f72b10b,3
80bf7a371,2
f3326d571,3
d2d9924f0,2
49a832741,2
699365a99,1
56bf5e254,3
2083834e2,2
19745f3dc,4
9cc8bae3b,1
eea72fce5,4
d1a11cf42,2
d3dbf1e95,2
b543331f4,4
e1e2b0af4,1
749afb385,1
aa32ec730,2
689e4e3bf,0
e49b7c262,2
3ecdd4122,4
d63d5fe8b,1
66f430d36,4
a7fd7a703,3
e54ee8e55,1
e29ff1448,4
75ca94b67,0
6114449db,3
a29dba165,1
a972fe14a,4
7d73574ed,4
44c308937,4
a8e5ae23a,3
be9474b85,2
42137817c,3
9f2948e8e,4
137916924,1
8c7dbce06,2
0db02527a,2
950dd345b,3
b7856db41,3
86d87d5f7,3
ea3fe3286,1
95e69fe79,2
306c74aa9,2
e92ed29c2,3
052c95a93,4
f13821512,1
ea2542b58,3
c4bcfbb1c,1
e1c5d6ba9,2
76f668025,1
d48e16ef4,0
b9bf3b7ed,4
172d395a5,1
c80041cdf,3
ffa5c6c35,2
eda415d15,2
92d4c1513,2
b1b2aae50,2
6341e0577,2
949fbd095,3
af9279a3f,2
56d7f894f,4
e388a963d,4
ebd128d90,1
9ac089108,4
e19ee42ce,2
51196cf13,3
708d4eb55,3
5f2c67ae2,1
b888f72cc,1
8b8229f52,3
69d04f61e,1
c39793853,4
cd9de4e83,2
e1c66420e,1
bb5917ca8,3
896e733b5,4
18556365a,1
231ad764f,4
e3f841674,3
68a6c1a24,4
6ca8ebdbd,3
f0bfe80e3,3
59f987236,2
52f439e65,4
681a6f552,2
8b6867433,2
89bac4c29,4
4c48a8f2f,1
2302acf06,3
e241fc7da,3
f393a9d26,4
97a10da78,4
bd7f07424,4
1f4871c30,4
4248ee26d,1
bbe6ff890,3
ef91ae200,4
324232e54,1
84f308399,0
f368b7ef1,4
dfb59bbe9,4
8bacce548,1
7fb5c3b87,1
e3fcd8a2f,2
5e5f1623c,4
25d4c7493,1
a8a2aecc3,3
1c92ce464,2
37a11cc19,4
9664bcecb,4
0d25f084f,4
409ad5a23,4
2acc0a068,1
99aa7a5a6,4
c15c93964,1
8ab591301,3
458adc77a,1
ef0822572,2
f432156e6,1
71aed274c,4
a5bed2b62,3
54791dc58,2
d0e5d766c,2
d0b98e001,2
f03ea3fd5,3
cdab8ba8e,3
c8eef30bd,2
994450113,2
6aee1d8da,4
9fb2a918d,2
72482852e,4
86da09472,1
50af1151a,3
4370b5ff7,1
2581f9792,4
c1b7a178a,2
4f75e3aa2,4
267f0065c,4
84998166f,2
c702e00d2,1
88bc9864c,4
8f49d2828,4
5f9abe87c,2
bd331b74e,2
63ba3f4a7,4
37c989ac5,1
b3111f360,4
88cdc9a60,2
2a6bb49f5,1
be8901107,1
5c810c552,2
35907f15e,1
18aa41749,4
6ea58b8ac,1
b119aa181,1
b5974bdd0,2
ae19ab91d,2
06bf9e676,0
5bb7dbfc2,3
e8a1f3d1b,1
fa1c96e93,2
37f8a39c4,4
907f77c78,4
0d25fb291,4
8b2d9c8f5,3
cfe4df8c6,1
db4165316,3
3b6f9b47b,1
81694b7db,1
f7a37173d,4
05bde54cc,2
cd2b84b66,2
d60dbdd7a,4
bd8312dcc,4
e11190906,4
39a784870,2
a0bdb767f,2
ce2004c9e,1
11d50c573,3
5b3c81931,2
1e62a77e1,1
1927c2ed2,2
6dacaf7cf,1
6d815d3ef,4
39bff85f9,2
03b0568b3,4
7448f3165,3
78631549e,1
5e8cbcc56,2
fa8cdf62e,0
b810732ac,2
3c0ca0676,1
d3ccb2482,3
18553e89b,2
077001793,4
bfa9377c9,3
36010cec4,2
c7726d2a4,1
b66715e26,2
59b224cc9,3
18c45e502,0
03c49f5aa,3
9fce612cf,3
129df65b1,1
594e3dc3f,4
774289137,3
81d6d070c,1
d2ba9bbf1,2
9cbc1fb81,4
de41ebc79,2
160dcaec8,3
959064f3c,1
193781ef0,1
958a86135,1
093a35049,1
84057a73d,1
ed40421f9,4
a3eb4fe4d,1
6c34a5944,4
355e8bc38,3
2acf3fdce,1
1ce555db8,2
c565589a8,3
5366eff00,1
97baac4eb,3
00156db4a,2
802290aa5,2
4db543276,3
175f4a910,4
58a79a8a1,4
16504b328,2
412d7406c,2
38f06e4fe,1
46687a6d1,3
cf8539482,2
1f983f20b,4
146005aa0,4
47d68f63c,4
fb67eb5d9,2
9a3224461,2
a18843d35,1
6df350974,2
086e528f0,1
0a555d688,1
7ac66a1c2,4
5943080b2,1
3e2c46391,4
261fc97ec,1
da2cbec0f,1
88819fc55,4
88448bdc5,2
c42153e51,1
062f73a4b,4
3ded98af9,0
a64e4905d,2
588ac0ef1,4
a21f20530,2
a3f6438ea,4
7983db8d9,3
f98b9d62a,2
9aa5ab22f,3
afda0a2dd,1
c17b66965,2
838934661,2
b34a4f038,4
b2145e15d,2
c292a8b67,4
0d6b8efdc,4
4d73d97fd,4
2d8ec2cff,2
1eb1f56ed,4
298ae7ea4,4
360f2c8b9,2
a4530b1d0,3
97c13bdf2,1
cc5892ce1,4
7678afa65,4
46ed43d61,3
553d1ee3b,3
f34d62be0,2
3bc84c4a9,3
6b446b436,3
0602a34f3,1
d8e2f840e,4
6e3d78857,1
b574af70f,2
e23c47d1e,1
f4c32b8a5,4
7d4fceffc,4
dfc3301fb,1
9d4f21d40,4
31b3d9b10,3
6cbc126fc,1
48432dfa0,2
dd55841d4,4
1e87e4110,2
81ffabdc8,1
3e82bfd8d,2
0bf83cc3e,0
70a7a71fe,3
19efe1616,3
24afd5f54,3
393365063,4
5de76fac6,2
32afa462f,1
5009ff19c,4
7b9b65bde,1
7986a1870,4
84efe95e8,4
e653e3c51,1
1cdb5d61f,3
791560e54,2
d4223dd4c,2
9c178d0f4,4
d353746a5,3
c73c8b6d1,1
03c1e47b4,2
923a58e31,3
cc54b47b4,4
3c1cc2c24,1
2e6fc0342,2
8cc02d983,2
99558286a,4
6308b5232,4
48a3fe4ac,4
e6f4d14a0,3
d476272d7,3
40fcff82b,1
907fc239e,4
d412201f6,4
5c60f7300,4
be5fb246e,1
3983e7c06,1
f4415e636,2
45c718348,2
764837930,4
9baf0d577,1
a8eed143b,2
9123c847a,3
4059df1bf,4
b88f141d5,4
2a9fd8dcd,4
19f5a15ab,4
a8a1d4151,1
2ac3ca459,2
f447d931c,1
0e920f96d,4
8bf0f354b,2
c0771fde0,3
670535e94,2
e58dd05c8,4
87b753139,4
5971694db,4
2cf927db8,4
d7de7e8fd,1
029641a1a,2
2ad939a78,1
111be067f,3
d02c3d99a,1
cb0c04621,4
cde5f25db,0
069762ec2,2
67c74483f,3
703c9a23b,1
e2b428f75,1
335aacd34,4
de19fca23,2
2a73c2356,2
ce344f70e,4
f15cd5cd9,1
2caa6639a,2
0aebdcbc4,2
d380185bc,4
89bd573e1,3
a80687cf1,4
d42b92c05,4
afd3ded05,1
8cc7f24f2,4
a0909c2bb,4
fded1ee28,3
495528ba4,1
9f24a0672,2
7b81592b9,2
5a299988c,4
799c6852c,1
168f1c6e9,4
8e6e57951,2
dbba10f87,4
0d7d16ce1,3
3ea49aa4f,2
09ef02857,3
884ccfdad,1
54fa86958,2
7b13bde34,2
4a27c67eb,3
ba2904fd9,1
52ad1225c,4
aba4e5336,3
dcf17ac48,2
8b396d0f4,1
804e56f9b,3
872317673,4
331a745e8,2
95c01e235,1
bca099371,4
a2656874e,1
1cfc647dc,2
a0bcee7e2,1
d4b5c41ac,4
7a6ef9da1,1
8aaa67ff2,2
a484694a1,1
0a3fc490f,2
fcf377cce,4
69c8c9463,4
33a6694b0,3
ca0bf0760,4
dffc5cef6,2
a40a8c0ce,2
26284d23a,1
979710375,2
9faeb952b,1
b9cb2f0fd,4
52d336af0,4
bb9ef04d1,4
abd7a3201,4
aca6b6256,4
db1f9bca1,1
8cdad4b1c,2
241b90aaa,3
e96d122ed,2
7942a5180,4
9aac5500a,3
672e9e752,3
420bdee9f,2
3eb8ef7b3,2
74f4cfdf6,4
1facdfb28,2
96c93dcc0,1
7af35cc82,2
49b868ae2,3
f0ba86cc6,1
93692767b,2
ba66a7a82,2
5dbd7f61b,3
01dd8880a,2
f296a9ee2,3
b98610e10,2
4ef15a1c6,1
e2e7a93fe,2
36f3f7027,1
966aaf6e2,4
a243c61c6,3
7ff979d3a,3
80255c391,2
7e3d0e3f0,4
cf7d3eec0,4
b532e9588,4
01bcfcde8,3
a97a37056,2
8cba08869,4
1c2dfa92d,3
9c336beb7,1
026c202c6,1
0e9c1385c,4
5110ff5f5,2
8d1640f3e,4
e297b5ede,2
eac9c6b7a,1
b0d54f76e,1
6518a598b,2
0605aab21,3
805461ad6,1
faf6a8cd0,4
6ea6cde88,4
3f53ec8cd,4
571ce0202,2
3f5804c61,4
5b3559bf2,4
ace26786b,3
ab87287a4,4
23874f644,4
e861279c2,4
70112a1b9,4
370d9c1ba,4
87975de34,4
badeec277,2
5e390710c,4
09eca4557,1
9fcc4951d,3
30dbb2e50,2
277e3979a,1
51c4018b8,2
4bb96a979,3
0f4291ce6,3
10711bb95,2
783a33f4c,4
087fbda7e,1
cfbd5c54d,3
6138cd70d,2
4b2aa880a,2
5457a593a,4
2ac1366f4,4
e65ac2a2e,2
356d41ee2,4
923a03e90,1
0d94f0378,1
3335796f3,1
abd7dcf2c,2
92ee0c92b,3
eed29a312,4
094636517,2
901ff85c1,4
a2e22831f,4
ea303d329,1
7e43a342a,1
85a0bad4f,2
531e56f63,2
25eec77c6,4
523af701f,3
a6d3839d8,1
3d63dfd14,2
35d04e039,1
05f00d521,1
b6637d165,4
bf9fe33d0,2
28ce3c3ea,2
9ba05432d,4
53b996932,2
e545bcd64,1
3ab64c5a4,1
aef2fa931,2
bf1b733a7,1
497312a16,4
6968f86dd,2
72e093c41,2
25dc712af,1
045d9a498,2
4aa9a342e,2
85078bc71,4
2a6d369bb,2
72acdecb7,1
6acd97990,4
1d2a7f0dd,2
3f4fff7b2,4
30e900b4a,2
fe2757847,4
cc3fe68d2,4
f69a878a6,2
cb33000d9,4
a5a4c2890,2
b7dda91fe,2
c91873618,2
da6950564,2
00eced1f0,3
c87f6d0e4,1
074042a24,3
8d39ce00b,1
23b64fe21,3
8a7fcc8cd,3
04f7eafde,2
007ffeccd,3
5f3a4dab0,3
c273ffe1e,4
abafdc972,4
105c28771,4
dcd7102d9,2
243aaaf6c,4
eb8adeef1,4
6bf713e5d,4
5d792dd24,4
56b63bfb3,3
517a669f2,2
6740be5a3,4
c32ecd5bf,4
81c4d25d6,2
86c412966,4
8cb6dfa5b,2
7931ba838,2
c37d5c957,2
5b7007847,1
b6256e92e,2
560232264,4
37865f566,2
9b6883f3c,4
ed2fc6f4f,4
5c716a537,2
14398288b,3
9d6c6055b,4
314e041cc,1
b3580fea4,4
8f42303f4,4
9a3c966a9,3
1936c68a5,2
a119ce67e,3
5ac95823c,3
706a9cd5c,2
9498e0379,4
ed81d1da8,4
97f8880f9,4
40c204453,2
42fc9a244,2
8eab07081,3
8b9739cef,2
726488db4,2
4a0adfdd0,3
6469a2a4a,2
292447561,4
3ca799ab8,4
4fac67d06,1
e90c988f5,1
a93c04347,2
c33c82dd5,2
8d0b0238c,4
440ab06be,1
9f194db92,4
47453584e,4
f4ae0ba7a,2
d994c86f0,4
484346fbc,1
af75249aa,2
70900313d,3
6f08386f4,2
7993d67e3,2
ec13e5f25,2
cc14a0fb9,2
9e4420002,3
a20d1e637,4
3c0c76a42,4
807ea3b72,4
d06076338,2
dcb42ee1e,3
4bdc7be69,1
db5a260fa,4
fe16bb525,2
fad223ef5,3
e40290fa0,4
83976eb62,3
3b901ae31,1
b79df3351,1
3ac0662c8,2
89bdd90b8,4
f91ffd577,3
4f279d30c,1
63fda9824,2
fe3a83fe5,3
2ba66d1e1,3
cb07ad856,2
1d48855c5,4
fe0a74b2b,4
57a93e9a6,3
0aaf6976a,1
b8acbc614,1
eff316e87,4
fd9375e71,1
06afa3c64,3
57ac7373a,2
3a7b85800,2
485cff597,3
514319114,2
784e466b1,2
73c4d95a2,4
fcc2ea490,3
2d725d001,1
687c0c2cd,1
8cce291a9,4
8e372fc09,4
3bb1086d6,4
1a9e7158e,3
9d8f22942,1
62332ea2c,1
760c7d8ac,4
1652a3e1e,4
41e792442,4
a6e7b6870,4
4dbcd1d36,4
2aaa0c8b6,2
96b7978d2,1
66a1d5bc4,1
4a4d8cadb,2
5980b0699,4
a37e46e35,2
b7b07aaec,2
cb8cce181,4
69c1801cb,3
8834ac7da,0
c552e255a,1
a19305a1a,1
4ea111bbe,2
8ec043344,3
14ee9a2bb,3
fa45ffcb8,4
8c2d37546,2
b99186353,2
ef0fde5be,1
0fea56eb9,2
1c107ce2b,4
5944cef68,1
29bcccb7c,4
3316a5619,3
50b022696,1
4c5db9ed6,2
1bbb46822,3
eda903960,2
35bd82365,2
0be09ae87,4
4c9ea9908,4
9191da7b5,1
d31b3f33b,1
f235e6a5a,1
243925f5e,1
9183ef863,4
cc261e309,1
6dd6363f0,3
a2c44393c,2
f000f169a,4
787f3055b,4
4ee566501,3
6ef02d7e9,2
aa741b626,4
0bc671d5e,4
88b992d13,1
1712ba40e,4
3a97c693e,1
e736f4022,1
0b4a33baa,2
969b9bb00,1
988988d5b,1
523f4a05e,2
76358e754,2
1d4574c90,1
2cdaa8a5d,4
5bb4cc5d3,2
44c2e1fd1,2
8f2c9671d,2
349fe9b9b,4
93a9cf943,1
bef897b2b,4
cbe4be41b,2
6c55e596d,2
eb8620132,2
0ae247e90,4
282c0ac61,3
15a491e20,3
89dd8e9e9,2
60bf93971,4
79186dded,4
711bebb99,4
dcd0002db,4
bd6a6d0dd,1
cf8325fae,1
93dc36260,2
9162433d5,1
a61776aba,3
03c323fcf,3
97a020fe8,1
018cb4eaf,4
c31f3d3f3,3
fce854722,2
0434520ef,4
6fa5384b8,4
5ddfaab43,1
e0736a22f,4
51cdc726a,4
6d6bb4a66,2
a76cbec89,2
1eeb50e8f,4
ddd926335,4
bb675d874,1
15b6026b1,1
2f4b73413,4
1104fe6bb,1
037464956,1
741524a39,2
81eb7857d,1
4f7bfcb68,4
b3cf90bd1,4
4f6a0e54d,4
90b438e96,1
d4e96e3ce,1
527b6112b,2
ab38d8710,1
ce19e69ff,4
02a13b2cb,2
61bf517f2,1
dbf579546,2
070014779,3
7199d2d4c,3
74b9e9fc0,1
09e9110e2,1
867057e77,4
7d0fcdd6d,1
766c2cd92,4
d1ef0568d,2
a24bb77d1,2
e8e8a47fd,4
5ca7a1543,2
25765058c,3
e2ecf822a,1
f6ad159f1,2
109d21b69,4
ad002785c,3
cd091f4cf,1
0e8c2a1aa,4
edf0ff7e4,4
22d381889,3
6d4bdde4c,4
b34a57b41,2
244cca93e,1
7abf263f7,1
2cf6ead97,3
67e41958c,2
886debfe8,4
b4d54e67c,1
bbf6ed419,1
c7ef9e0bf,2
8044a4f7e,1
147e587da,3
cad1a9f54,4
35c761c35,1
95183dc31,3
a116545f6,3
70f92bae8,4
82f95b703,3
71edb3344,1
0d85af6c4,2
117a7da85,3
7f7e9db52,2
fff6f2f61,3
cedeef1a7,3
21178f3b0,2
420f5cd9c,2
755f10f8a,4
67d74124e,4
9351715a9,1
d77baafda,0
710dc1661,4
90f09b568,3
0045ed62a,1
11c88e3be,2
cbd8840cd,2
37fdaf339,4
abbe2568f,4
fd3804c20,2
44c8447f9,1
0286dd665,4
2a726e0a2,3
b2d464e39,1
3a3ae56f1,2
6d9b202c9,4
fd139f4e4,3
b690774cb,1
81da09ea9,2
410490c8d,2
b1d288322,1
3e3743dc7,4
1b71de34e,4
40fa64194,1
6c5f1f0a3,3
5f1896e5d,4
e65375c05,2
90ce48a71,1
207ad2902,2
91288ac35,1
2b38b60d2,4
933b2b3d4,2
ad8b02fcc,3
f7554df6d,2
f2b8dbfde,4
7adb5f44c,1
44dcffea3,4
f4821de20,2
4c1f97540,1
8dea6d23b,2
6568f907c,2
fd32c2466,4
1b0c683e7,3
c74126469,2
8f21fee9f,1
aeb17dd99,1
dc7dad1da,2
ab2254697,2
caf786c94,3
a9fb31e59,3
ff7d25ffb,2
266aee5b3,2
8b12f497f,1
876453f9d,2
582c02d86,2
4298e4c15,3
e826027f6,2
d79342c8d,2
b4d16b6f6,4
bb1afbaf2,4
802986a45,1
eaf13651e,4
cbbf3acfc,3
a868df43f,2
22230a3ea,2
162195d38,1
be36182ea,3
82db604c8,3
91d6a2898,1
0d47275d4,2
a9c3f27cc,1
f50d4f5bc,2
a0fb13b2e,4
b9005c792,4
97b32f734,4
d0b337200,3
3a4178fe9,4
f85ae1408,1
f205876aa,3
c1ba2169b,2
d1265050f,2
5ab4a7a66,2
adc7713b1,1
0c64363af,1
b589d804e,2
35bbdb5fd,2
27e6b452b,4
4a0cda147,4
c160e581a,2
1e5b2baa8,2
3735485c1,1
8f3392f18,2
d9c151e72,1
d71310023,1
85594fcaf,4
807ba246d,3
1caa6fcdb,4
31e266863,4
27aa5bbfe,1
3fed382c0,3
eb5ce7ea2,3
710126170,3
196504d88,1
952501bdb,4
d3f157880,4
172332f53,1
ae58f28bc,2
d0566e4db,3
5971c2462,4
9cc2822d9,4
0243911ea,3
32f97388e,1
4dc36183c,1
13fb61859,3
682fa5135,1
0a266921d,1
84b297843,4
cc068a979,2
6da753c92,4
9d64175e7,4
628f11673,4
a952a211e,2
86c7b7486,1
bd870f5b1,4
979bab13e,3
d2b59ecaa,1
21b5e3d22,2
209dab64b,1
063e2d021,1
86d20d7e4,1
28484f496,1
218430ef9,3
9e557af46,3
dd13b36c6,2
82607d1cf,2
8722dfeed,4
12e711074,1
b47536db5,2
478312b59,4
c77a68714,1
3a64a5704,1
03f65bdd3,2
35b9530a6,2
b08e63db8,1
0142670c8,4
58a10d0cd,2
1d86e9d9d,2
752c2658d,2
52da0c86c,0
d0c3c032a,1
00a1a8af4,4
82ea3883e,4
cea6df421,4
b4f476ab1,2
628e30f3b,1
46d9b2934,4
a7560614d,4
380deeb29,4
2a19120e7,2
207d61997,4
af1125994,4
1e140177f,4
3da55a076,1
9278f7216,4
d3c79cf76,3
2ae2246a7,2
d096658bb,1
81a1cb1b2,1
ed6684f3a,2
9e6d5d0df,4
5bc5e3faa,2
fd2d48292,4
5eb152e2a,2
269d8414a,4
336504b7d,2
73501589f,4
254dd6ba7,3
7d967671a,1
09c7b610e,2
e2aa20dbd,3
a6af385f0,2
3666cdd80,2
705117847,4
2852d3c30,2
f7c487e58,4
8e9946952,2
49f6a8909,4
02fee7295,2
ea6f69d0a,4
3bbbccce4,3
5569b346f,4
bddf43d72,4
aba00e1f9,3
cf2e67122,4
846ca7805,3
b310f969f,1
777f82721,2
c56432da8,4
d404012af,4
c0677007e,1
ff361d3b6,2
0b817da84,4
2275c7ba3,4
0e1a2937a,4
51572cdd3,1
f4316f2bc,4
838e46496,2
e995f65fc,4
ab4b4681b,4
886d23c56,2
5d3289417,4
7e87938c3,3
dad58d0a7,4
f7d93d4e8,1
e66a993a5,2
c36943627,2
dc4747d5c,4
1ddc14ad6,2
289cc7f88,3
03cdd9324,4
a7be93837,4
4999e2693,1
7f40cce5f,4
261c4115b,4
77c9c2e64,4
ba2d4e877,4
35f8b4bff,1
500327aed,2
3c4b478e1,1
bde802b84,4
244144067,2
0ac71c2c1,4
8e2723a38,4
427acc248,2
b7006ed96,2
06bfadf29,2
3622c0bcf,4
725ee6572,3
2edce7d92,4
4405cc72c,4
0e1a54250,3
e62c62127,3
97c58d897,2
35e96ea98,3
b16b24c21,1
c879064dc,2
10949ac80,2
f4e2b49f5,2
ce0deaac0,4
e67f7787d,1
9598a1528,2
d302ad015,1
9550556bf,1
95bc62678,4
279895e23,4
199fd5d5f,4
7117c4553,4
a14caa3ea,4
9951b9762,2
45bec784b,2
bea72e6c5,4
ef5fcd597,3
26662f4f9,3
a0c64fbad,4
a0cc9df12,3
2bf4445c7,1
b551658f4,2
bca8b44ae,0
487531377,4
ed6e38af6,1
16f2fa5c7,2
e07812482,1
1b9cedf4a,4
99a9c9a23,3
d574448ee,4
b31d0dd8d,2
8e881542f,2
e70a2beb6,1
94aec9453,2
c4e0d125b,4
bf50b399e,1
283c4248e,4
8f22842c0,4
8b3afe216,4
d8c1859cb,4
b7e7211e7,2
eee978cc3,3
97dd55a08,4
e8f6ede8c,2
42af80bc3,2
631a6a27e,1
f13ba84ac,1
bc695e9d0,2
703105908,2
01d646ea8,4
ae38b9254,1
e936f5f63,3
f680cd37a,2
52c15bfee,2
4931c712b,1
1f2573b47,4
a09a76aba,2
f88fd5ee5,4
bf9bd91e1,2
33c73d9ad,4
0e6c32c9f,1
0627105f6,3
d31e4c6c8,2
125edf869,2
5afb6da05,4
bd18b6cf6,2
30bfebc76,3
2ad565311,2
788ea6e94,4
f8db6e695,1
cb5e73024,4
ace21b6b1,3
246c3850a,4
ab10e0e8c,1
9c8209bae,4
35296e056,4
8040ff400,1
b4f69489c,2
105456da4,2
4fdebca57,3
eb350f2bc,1
046d3a9d9,3
4f5fd467a,3
a85548db7,2
c0604b559,1
b66cae579,3
1b5af7749,3
3e42f0f7a,2
2e5e35de8,3
f743a63aa,2
51c04983b,4
daed4ac40,2
010a59236,3
d1a2da8ef,3
331c0bbf3,4
f2aac285e,2
bec6fb5cd,1
3122253f4,4
37a8dcdce,4
2fe1eb7b8,4
cf98480e0,2
c86c76857,1
bbd8a4220,1
ef7ffcc3e,1
015b8b722,4
8b9a1b086,1
e7a74fca8,3
9488e6011,1
375a0eb3c,4
3fc2f9495,1
8039a31ae,2
45e8bd99a,4
4e37bb1e2,4
d9f692e74,4
abaf6c9ee,4
a39e58f1f,3
2ac4dd8c2,2
b80074591,1
8ca443ef0,1
b03c17502,4
80621df6b,2
d320b7121,2
01ba86830,2
3029fcad6,2
186779691,3
d86d7a70e,3
5419155f2,3
73d65de2d,4
519bc8382,3
fe5bc83d2,1
1b945f406,1
189a8292b,1
af9eac2be,1
53cd96ef8,2
fcdf8c8ff,1
e3d68b63c,1
ce788268c,1
f8e3f9ddf,4
0935ab38b,2
38f6f3011,4
11a337bfa,4
6661d0fff,4
ffb3a78e1,4
91c2159dd,4
eb4c66e7a,2
dda9d6e6a,4
45271caa8,2
f94991b4c,3
1de2c7e27,2
0ecc1200a,2
f3f8d5097,4
306989556,2
5297d9ba8,2
0ce866a04,4
2b0298091,1
0a14ac037,2
ef8782012,1
9bcd62ef1,4
4dfd61242,2
9e51267f5,2
2c3d7804c,4
df8ad80b3,1
3cc43a157,4
e9ac456b3,3
c2eec623c,4
ad5250ecf,2
474f23a3a,3
a7d65135d,2
8b1be44c6,2
12537b530,3
567c1ab71,0
652ad7684,4
caa5d1e6b,4
6d24fab68,2
26901ccb0,2
7a6dbcbbb,4
4512e1ea8,3
d4f813a7e,2
eea30b615,3
a98716d75,4
9ef11ed6e,4
162c1d98a,3
920a44cbb,4
3ae51e685,3
d4bffbe04,2
d2dbe8b09,3
5b8ee289f,3
4b0b7dd2f,1
c9efae474,3
79e510cb9,4
c491ec026,4
8dfe4da6a,2
3e25d4fb8,4
467bd5bc8,2
a113449ce,2
9242ba394,1
19b7a9e47,2
9fab4e65f,1
c996b2baf,1
30d293a39,1
edcc13ccb,2
821bd9373,4
4f3b3314c,4
dffd9f2ff,1
d37659c5d,1
18286db6a,1
152880177,3
8ccb8778d,2
583d4b36c,2
1e34e1ebe,4
76de48e98,4
6bed4e9d5,2
3313aa06f,4
64eed5e14,1
2b0896bbe,3
529c2e04b,3
10a3c8b71,1
8c7b2f093,2
3d3aef491,3
283d93104,2
4068b452d,2
beb93c6ab,4
21493e6ea,3
17cbebba6,1
63f28922e,1
780dff088,4
72ec92880,2
6aa6cfaaa,4
36ddc4f2d,4
4836bf864,3
9ccf125f1,3
5c60d114f,1
2a2b95086,0
791e6dc19,1
527071e27,3
228117dca,1
8581566cb,1
5bd541f6f,4
52363327c,4
d39c87657,4
79f8b048f,2
3fa341801,2
b1239feb4,4
2ca18c1e3,2
db745332f,4
6a393b32a,1
cb062285d,2
7023f6b45,2
cf6995fef,4
0f0f81a37,2
be23e42d0,1
3bedb1ef9,3
c86e1aab2,2
76a8ffac4,4
9fecfc736,1
8b01f5e06,2
4f58a37d5,1
48a44eac5,1
c5f1eb8b6,2
92c48ece4,1
e60195d5c,2
9981290b2,4
9fb8e5e73,2
3eee4f608,3
396910627,4
94f9f7789,2
6f0d943dc,4
e90e0ffae,2
b3543dda3,3
64c1c412b,3
1e0be9e49,4
4fc7557be,1
97aa9eeac,2
e742a643d,3
c76e9857b,2
4559bd457,4
0a98163c8,2
afdc5f01d,4
7bf8a38ee,1
3521fe7b3,1
42d565331,4
8aa1e5830,4
1c4d99f6e,4
1b4690d1f,4
7b3332622,3
271712276,3
87a3ef269,1
870d3b2aa,2
a94208b35,3
85c65d28b,2
99a0196aa,2
c67d871e3,3
dba5f0e5c,3
d1de97c49,4
4409a68b9,1
206dbf18e,3
5fcd44bf9,3
3f5f5782f,4
2416a2da1,1
3d7275647,1
630fe24e7,2
bc4ba2449,3
73a2be705,2
2374a1c12,3
1ff51137d,3
a29c12bef,2
c8cf205ee,1
24890da9b,2
330943a7e,4
e20a1885f,4
33f056cc7,1
e486185f9,1
eb8aeff64,3
d8b05d43d,2
db9539604,1
ca21c4266,1
9427a0125,2
8feefe84d,2
3cdbf07be,1
f246cb734,2
4d8bf7feb,1
a44d42407,2
6a9d18d89,1
4d4c7be64,2
5fc71c87e,4
371d7e8ad,2
28dfa1c39,1
e723eee29,3
5abbde253,3
9d7c4455c,3
6668704bf,1
c1816081f,3
a8e4a881b,2
2bbca459e,4
964dd458f,4
a5b5eccb6,4
05d2022eb,4
a809464ca,2
ff47b9a27,1
655cfc630,4
da840f8d4,3
7d6d03de2,2
1b368f29c,1
3d97fa45c,2
628439a3a,4
8a3c86cde,3
2befe2607,2
b8088575c,4
5943167f1,4
b085671fa,1
c66946e39,1
916c891aa,4
74cd0ff66,4
3cfec8730,4
3af1dedf7,4
0fa63169f,2
5347d6835,4
b95d067a2,1
79799da25,4
19d8b1d8e,3
935098bbf,1
9f41a024f,4
269a6756f,1
d4b2dcfb6,3
ee6601d0b,2
a47dfb645,3
9e25c09b2,4
20845a37b,1
4f66fa0c3,4
bb16182f7,4
0bf9dfa21,4
9468e2ed1,0
699ee7fa6,3
5d32494f0,3
d33c9174f,2
22d9719f8,4
c4be004d4,3
448770499,2
2e5d8fd10,4
59c3497c1,4
649589d9f,3
21c281e66,2
06f523361,4
c7b468b32,2
338dddea9,4
7f3781bec,2
0f0219fd7,1
8760ee6e3,4
0714145e6,3
982dce813,3
648897870,3
688b3183d,4
8f639ea65,1
b5ff2b987,4
d7f938acd,1
b6fbfa344,3
5f79b840f,2
dd365668d,4
c8c55eb19,1
e94f842c0,4
34fd2f89a,4
86f7b4013,4
f017041ca,1
34dd3cb69,4
c6d7271e8,2
ea9d13261,1
c5db00aa6,1
a640f7cf6,4
096a97631,4
bbdcd94a9,1
060d1de98,4
52ec30101,4
0a4203544,2
a845ba4d6,1
136f22028,3
f6510f0c2,1
8ad784999,4
44175f75c,3
ddd7cc601,2
cfd0757cf,4
b1d2cb34d,1
eff4a47b5,2
a2b2f53be,3
6e9e903c6,1
de7905c9c,4
6cafa50dd,2
095de41ba,1
9e6f98ce2,4
eb900ff8a,2
e50fb0c6c,3
7188b5e8c,2
d1878035a,3
4138a8f48,2
11aa441fe,4
80fd005d2,4
e76929e2b,4
94e9e97c4,1
c49480455,4
a6e37f91b,2
9c4af0f83,1
c9595d1f6,1
3681bfdb9,2
29a9fdad5,4
9c5f43178,3
9304f9f8b,2
38506d4ea,4
a1be4d855,2
59d42b6bb,2
ff867121e,1
c05b7439a,0
0be5af159,2
0e49c7f19,1
c15d26817,4
ceec02726,3
8a615bfca,3
19f4d65b7,3
64a40211a,2
73ec4c916,4
be340bbe7,2
16ac32123,1
a01ad9084,1
bcd6d7e62,4
0b243ba27,4
ab2bb4a0c,4
d21cfa860,4
5aefb7197,1
a1e9aae7c,2
400c2ccab,1
c8bc66245,1
b3c2305b0,2
303ecdb58,4
0f27a7baa,1
6e642352c,2
106e252d9,1
3e2cc2690,2
d02861aca,4
8f31c806f,3
bb567f5cd,3
c383e3e7b,4
d22561762,1
a3e85821d,4
5ab714faa,2
d31cc5eb8,1
e3b6b7d2e,3
87e1b0c16,1
419d296e7,4
4a590a1cc,2
0cce7d218,2
7e69c99bc,3
f031aaaef,3
005afe792,3
083687ba1,4
c5b717bc2,4
eb3b2ad1f,4
e32c29f03,4
0ba16b529,1
cc492b6b5,1
0cda0894a,3
e3a5332ce,3
5a2a433c2,4
efd269df8,4
d08d2829f,4
e470b6bd3,2
0073c33d0,1
53759835a,1
72626612c,2
5d0551d53,4
b859b9fa0,4
e83f846eb,2
50361acf5,3
554965e66,3
e570d64ac,1
b43155295,2
73a25206b,4
34fe22f69,4
261cbe336,3
833c51fd2,4
feff505f1,0
edf74226c,4
46feadc45,1
f794655ee,1
bb74d75c2,4
bf2f87f17,1
52a88696e,1
65dd20146,1
856005eae,2
2d88536fc,4
04e7d89c0,1
9b5df2f3d,4
bd0a144b0,4
0a83235b2,0
e4bc68f06,1
74f391caa,4
a032cd2e1,4
731a2ef80,2
975091325,4
36ea16468,2
a63a0ac25,3
9099eb9ee,1
c1985add1,2
aee44eb09,4
5ebe00ac2,2
37fb97f8b,2
7f1bb8d32,2
87c19915b,1
0b8e1dd80,2
87520e2c9,2
13d30c173,1
618430208,4
1e6130d74,2
fa94b21d1,0
75fa09239,4
d29d34cfe,1
74517d04f,1
57ffecfd8,2
90fe2bf72,4
2ba9dfe93,2
4518f180e,4
26a4d7052,2
af0494f60,4
f096fcbc6,1
bb43b6a0d,2
5edf4d9bb,4
222a3f408,2
a55f8d58a,2
1bc0f89d8,1
f0b2787f5,4
ba6ea2d18,1
07cc0ce27,3
62ad62e0a,3
edd25890d,4
85114144b,2
022b37ea0,1
ac1629362,3
de884d234,4
01e93552a,1
6a0f0b8c0,1
57785dbb8,3
3828225de,3
17ba1d7ce,4
a8f17e0de,3
660dd8ded,2
0f9f0dd0e,3
2932eac8e,4
0fe8ffc8e,3
98b1fe759,4
f7b533990,4
230009c15,4
0ca5a506e,1
bc9036716,4
f5d0fdd2c,2
e5155cda1,1
37bf6da18,4
fd53d5f04,1
74c161846,1
b879a154c,4
113926f03,4
f1164babb,4
ecc64a258,4
c68bc0253,3
c9e86cf3c,1
51b7034e6,4
a6171ee98,4
8ac51d5ce,2
69a1b02f6,1
3c008b0b7,1
b271a8246,4
dd4b67059,4
3e50a5575,2
6314ae1c4,3
7395053bc,2
7b8fd895c,4
f72ec09ba,2
816005a03,1
847a8b31d,4
3c3b9b731,1
f399cf0d2,1
1eb6e3ae1,4
813db4d5a,2
2ebb5aa64,3
c5af48975,2
29f557bd3,1
33dda6165,4
ef1c393e4,4
a25a5ad9e,2
bdab91b8c,1
6c48c9154,1
f348564a5,4
858b1443e,4
efeabd288,1
ef5a07ae2,3
b5b9c3c05,1
00f3a3993,2
28c005011,4
8ae60c34e,4
dafa3b086,2
63f01ff3e,4
a662f1d7e,2
c40052aba,4
7c6cc4bba,2
c3eefdcd8,4
cd469a42f,4
fa0295935,4
232aee73d,4
054f35a8c,2
303696f08,3
c4ff3b712,2
b9f90bdfe,0
fda1395ab,4
86bf33207,1
e1b3455c8,2
1533ebfd4,3
b3a42fc4a,3
0edb4e3b2,4
0f58e5dd5,2
da8054bfa,2
b16fae336,4
f19658d12,2
429296d6e,1
a6b0179fb,4
db27a0a42,3
213cf987d,4
dbcfcf50c,3
04dc94c39,3
05e3bc1ae,4
14bf62107,4
05fb5b403,2
5dff45cff,2
b7cb6e33e,1
fd717a456,4
02c39fd73,2
953e3ebd4,1
88af83705,1
e6e4a6f37,3
7538304d6,4
e2a9dd71a,4
3338e5ec6,3
2633bc461,4
86550c5dc,4
c9206bc13,3
8dc7b3ffa,1
ff9f62e79,1
c87b301c0,1
b04a0dd9e,4
1498a5e81,1
d7d371a3d,4
cc8518f88,3
998488372,3
b22e78544,1
5ca64db1a,4
eeb377c0b,4
7390b70c5,3
9a7a6f554,1
fd39fef15,3
2352b7f0e,4
7b5012939,2
ccbd1f9fc,1
8dfe71419,1
9b227ae56,2
2962fc103,2
c4e1afd9e,2
b66a74309,2
35593da00,1
207c24fd3,4
a7e623e5a,1
774de959c,2
74f3293ad,3
8a4e70a21,2
ac384792b,2
0e783a2e1,1
6bbd4bbdc,3
c27f27a68,1
5bc5b2ced,1
2def0a43e,2
aba03a4c5,2
581ce1910,1
6b4a3074d,3
3cc6084ca,0
07eb56db1,2
a543418a3,4
d41649df9,2
e432ee48e,1
9ec161c16,4
5fd83540b,1
b38a74866,4
acca0b2ed,4
5ea10e37f,3
e09c0a3be,4
4e774a9c7,1
4fedc2eb6,2
0bdd7f7ac,4
086857d70,4
4747bead4,2
184a51562,2
000a290e4,3
fa07f7477,1
78a99e7a9,1
c63dc4adb,2
a345b4406,1
6a1240a5d,1
351d29156,1
65df826e8,2
ddc628647,1
d2f216860,4
1772727a1,4
497ef36aa,4
be5f7a129,3
64b1db30c,1
f861fe441,1
bde40e198,2
2380da455,3
ea11b6f12,2
a27a03914,4
bd763ab11,4
9aee8fe5a,3
b37af97a8,1
1f70f8112,2
8abb96298,3
c61aef5bc,4
d8b0d6ad9,1
6914ade58,1
27cd530db,3
29d36f5b3,2
f8619af42,2
cd067a495,1
20fc75f2c,2
a9ec75efb,2
f8fb0aa55,4
c240d153f,2
1f858046c,4
5dbb2fd0b,2
b9c0de515,3
293061205,1
f5bbf322d,4
91b088719,3
6c3b8c99c,3
6d945f8ec,4
c05a9c0c8,4
369d96f21,1
96792a909,1
4e1034525,3
0baab7556,3
8411ba490,1
c1ed7562f,4
04a30a9ea,2
f5e310e82,4
be4acc363,1
90b927fdd,2
1542ab941,2
a4de6ea51,2
965054b9e,1
3f568e3a2,3
9e165fb1c,2
f9715a897,4
814740bc3,2
124eeac80,1
b8f60eb7e,4
f8654865f,2
017d966eb,3
ce18c7a4b,3
358270782,3
030387828,1
c1c0405ef,1
bbc6d3812,1
dabe9ac5c,1
fd6dd3835,2
4fd97d6fe,4
0497c5ed8,4
1b0d28fab,4
8edd5d505,3
318c35c04,1
88030e16e,3
23056b4b6,2
7b9cc47f0,2
27b5a9db5,2
4d580adec,2
c6e25d716,3
9dd3b3bce,3
94dc821ee,4
a90d6fbee,2
aa3ee9d0b,4
9acd96273,4
21f4a6abf,3
03f48e12b,2
919a7dd34,3
0499e1ea8,2
b9aead110,2
f205b0649,2
99a705efe,3
7711871ae,3
91389ff80,4
642a88a93,4
9000f2766,4
7810092ba,4
f64a1a0c4,0
6381b1706,2
3913a43f9,1
5adb9d9b3,2
7f74af51f,4
aaca75307,4
1945c0690,2
26c3a9079,1
683f1dfd8,3
2d79572ae,1
c9ebb9992,1
1ef3f5030,2
24d3b54ec,2
ee5f5db50,2
e6821c448,1
ea055de86,3
2e41f018c,1
1fba191e3,3
4fc9dee58,1
307c5ca84,2
b822d0566,3
afc933f32,3
c7561189e,2
27ec72a29,4
6cb5e1b06,3
71b0f7f97,1
a03da4900,4
0532bf9d3,2
2eaccd3bf,2
2b95747f3,4
79314275c,1
f71d5c047,2
bd16029b7,3
38a780df6,3
aca9ddee7,4
ada57411b,3
058394848,2
8425c2a48,3
6210026f5,4
487f74408,1
ad463dd0a,2
178629125,4
4552e7972,4
dc8caa6d2,4
97dc6aa32,2
8fc9d6c1a,4
6f2374a43,1
7a1609dd4,1
cf76c794a,1
b8aa48ca7,1
1c901d8d7,4
1ca9db40b,4
ebabceece,1
63f7cacce,4
ca1df3f71,4
870fc2931,4
1d0a5c20a,2
c7c443855,4
9b9cadd98,4
3ff4a6c99,4
b147d1870,2
f2716e1e5,4
8df39788a,3
9a32cab94,4
d29627289,3
2288c4fc6,4
3a94fdf2d,4
be3508ce5,1
6f358dea9,4
a9391d398,3
303b3795f,4
f97d14e01,3
30254b35d,1
f7550219b,3
59e24567e,4
0b3b23c20,4
386e1a0fd,3
49a867af7,2
ff14c3dbe,1
f61cec80a,2
42448336b,2
4a6ee5d02,1
e317b2a73,3
d596234fc,1
1eb85ae31,1
8da3d6fc5,3
82f52a225,3
79a352e54,2
785a95244,2
5382ef1e5,2
ff4d9a3c6,2
701c5afba,1
1c40fd781,4
f7d121b3b,2
f3ed20ed7,2
e78e9736a,4
49ad7909d,2
97450a196,1
20b7e24b2,0
486f89692,3
2418f7929,2
eb21c0250,4
c76384236,1
3ce643dc5,2
1894ab073,1
b623d9449,2
e32467940,2
c1548b685,1
2907a1335,1
41a6a7467,4
f5c803412,2
7d7b5bf2f,4
41487b069,3
eb3101bcd,4
a630f3a73,1
414d8422f,2
695ae7cbe,1
756025f7c,4
83d36f269,3
b89c365c3,4
b37d04bd6,3
802b1f331,2
6333963fe,4
29c50ee9a,4
6dcb51c02,4
36e1415c8,2
8facdc86a,2
bf0dd40e3,2
4622342f4,1
e204110aa,4
21f095582,4
0cbe33a44,3
936e8cc95,1
3c29e8689,4
bcf546cb8,1
cdd815db9,4
fddd6ef11,1
0690278af,1
a4e4b1640,3
37bbc6060,2
f0ac69be1,1
9b2aaf395,4
23c8c5957,3
0b051c8b3,1
76024f2ed,4
d88f3ee34,1
1e62e6022,2
56b0b72b1,1
b12e22341,3
5f0efae69,3
38fc09756,3
5884b684d,1
38e12233c,4
d73b2a4c6,2
fb82bfecd,1
5546a54ef,4
65afa2be4,1
804d08f42,3
f785304ad,2
e56dc823a,4
5a3ea9e8a,1
d16f1d371,4
a02551367,3
c7b7dae2f,3
a05c489dc,3
f5257c5e4,1
941880ea3,2
5d00ca4d0,2
dd7ab4e26,2
df356def7,3
95b94b4ac,2
e04df6caf,3
90bfb8cb2,4
f72db59b3,3
15adc8d48,4
1d5870131,3
776354931,4
6ada9811e,4
9c580ca06,4
d3975e1bd,4
2563127ad,3
65ba8b6a0,1
2625dcb50,3
406a1e534,2
e8ec1a562,1
8cccc67d4,2
ead547f1b,1
832110a99,2
969634296,4
0c3cb3d44,3
c2fc23444,2
24e2a6ff5,3
2a36bc3b5,3
70a534945,1
2b446dd3c,4
deac22864,1
fb4078a22,1
f1e6fcd95,1
3ee594f5a,2
e46fa829b,0
4bce78644,3
3089a5bd8,2
779d50e4f,1
ef3fad107,3
4eb9088a2,3
b25d569cd,2
98c36e1bc,4
01d981c81,3
f4060848e,4
3402b3970,2
7d7fddaed,2
141a53bee,2
3433731c5,4
e4c2ab3c4,3
edd61c330,1
7b5bee232,2
4ea44a5b0,2
e38f07d89,2
33a51709e,3
85ff0f493,3
09a41530d,1
409d5bc3d,1
ab2c124e7,4
8ba1566de,1
c55e9baaf,3
b1c7e0838,2
412d6c47d,4
e4f17eace,1
10fa4505d,2
07558410c,2
0b3f851f0,2
01f976ec9,3
ec5aeb98a,4
c6df796ba,1
b3170958f,2
848338a56,2
489466e53,4
a3aaac2de,1
98bcfde91,4
c3a52fbbe,4
a688a434e,1
15937e540,3
d30c88c64,3
b342437c5,4
0bd394ec8,1
b178f36d1,3
ed5261f14,4
66064ba80,2
a5767a3da,1
49ad94a6a,4
175926b9c,2
c659e8a32,2
4d8f211f8,4
6917782f7,2
1f4ebd382,1
537b5f09b,3
1a38aecad,3
b2a23ac85,4
4cc8c07d5,4
1e7159da4,4
b36616178,2
5c1890dc7,3
0a6b9433e,1
d930f411f,3
164857bd8,2
331c39c92,4
05a05d562,4
919820452,4
0308c9eda,4
f35a5dd35,4
a3e73475f,4
997db5df5,4
bd485150e,4
e6a856527,0
14c70b2c2,2
91054dc16,2
c62a2a817,4
456c7a365,3
919ebd16f,4
0510cacd0,1
be4c2e0d5,2
ee8bf2efb,4
df706fd55,2
115d6458f,3
8ecb9aab0,2
0338fcdaf,4
c9d955ac9,4
8e76c8e39,1
5b59ef7ee,4
51df78553,2
4df0d1886,2
8a811328d,3
6326958d4,4
682cbe0f9,3
cc515ec8c,1
3e0d923df,2
e4eb08c79,1
e418eb448,1
bb76bfc79,4
e2f5253f7,2
525947b88,4
e6a5867d8,2
a1686cafa,4
75bd3a017,4
ed8703dd2,4
4d8bc908b,2
469bd2504,1
fe65d17b1,4
5a7207717,3
f6dc58442,4
66c28f55b,4
9f0635623,4
7c8960273,2
e0764fb9a,4
b7d2d752f,1
88b60278f,3
5781e566b,1
69b2e9f3f,2
8e4a80297,4
ed9d88a61,4
6c896760b,1
9a9f6c753,4
2bc51f69b,4
f6c3b531d,1
1dcb1fe2f,2
e909c484a,3
e8d0eedf7,3
bf5700a80,4
fa773690e,3
54c2d49bb,2
45c278a7d,4
40fa3f339,0
74e18bd5e,3
3821d75e9,2
f96ccddd5,4
24750a30f,3
0e88c1c1c,4
1edbf1acd,4
40b1839ea,2
0636650db,4
0025a8313,4
b652b7241,3
74ca92e79,3
2ba8bb04a,4
3dfe89264,1
29af2b6ec,1
759e2e94e,1
e940019a3,1
75b13bc88,1
cbd703fb6,4
865e968b4,1
9115f86cb,4
19c0c9d93,4
f867cc417,2
32acc8a7a,2
aa6fbdf20,4
967ee6c2e,2
73680f695,1
cae5c7ef1,4
2e2b3f60c,3
3f38aabf4,2
acc76c678,3
b943a95a3,4
eca179f5f,4
c82f54ef6,3
8509ad722,4
1f043910a,2
2a9a33d29,3
9eca51592,4
16a71f0de,2
ba72b4212,3
dfb8034b5,2
ddc94666d,3
1fd056050,4
647284f19,1
b2056e185,4
c81a8045f,2
15f0dc937,4
2f260b3da,2
9a7a99c23,1
5ef0ffe23,1
edb154f1c,2
ea3c51eb3,1
e811cd880,4
9afc068ae,3
323803a9b,2
6d75c2ccb,1
386990598,2
ca144ac2a,3
7321cbf99,2
9223ae4c4,2
3f0dca87f,2
bf01af28f,3
2160f2109,4
e2daa33db,4
410707dda,1
75f7beaf2,2
c3e1f5f86,3
783a31182,3
ed44605a0,1
6ae4fc251,3
5145c1766,3
1bc97732e,4
9e046289f,2
e74a85e34,2
2f3bed708,3
142da3f69,2
aa68a3672,4
60bc5ce92,4
d30087066,4
b126131d8,1
b06c1ad30,2
041cf403e,3
c8c7ef646,3
ece36dc30,0
e0dbd7901,2
087804d85,2
5dcdbaaa4,3
0c1e8a6f2,4
3eaae43f3,1
fab1170a2,1
bb15b64ea,2
11ad894e6,1
a8e6ad61c,4
65dc47112,3
3af2b1473,4
a6adb9a9f,3
642b0dbac,4
d6cfa5d4b,1
66125940b,4
09b3b9dfd,4
fff4a6420,2
fa253c6e7,4
25c1c662b,4
859bcc995,1
423c5b45f,4
1a952e440,1
591f1d67c,4
1ba42eca2,1
cea713af9,2
79f358573,2
1b1628128,1
db9ff390f,3
411bb17a0,2
0bcb2c2b5,3
e039f2392,2
578880eb3,3
f86f15c15,1
63adeea51,2
bd2084cc9,4
11c6fd29a,4
945a7a8dd,4
20d4ea30e,1
d653ae654,4
c85f29411,4
89c7be602,2
357707ba7,4
a6bc8d1a6,4
1adf071b0,1
ed9daa1ae,2
86219b4fe,2
3e26edfa8,4
fda10b9ed,4
6a5ba2ea7,1
1f33216f7,2
c675f3b10,2
f91147e5f,2
8cd1d06ab,4
099115d38,2
e5bc7aaa8,2
e2c54ef30,3
5b31b0fa4,3
d4c6c89ab,2
5d622bf92,4
f28c8090d,3
474db10df,1
e9b1363e5,4
d7fd0a30a,4
937c2e14f,4
eac9739c8,1
b630ac493,4
937d74077,2
bbab88df0,2
1c3f75c04,2
0fc52b599,2
b4d341b10,2
621a16b0c,3
ea05e0a19,4
1c07c6ee5,3
e0781fb0a,0
1d3dd0cb8,4
4a9793dfb,1
b65dc15af,4
dfff88c90,2
e6d59d514,4
0111f92ff,1
bfaca902b,4
bb817b755,2
b40ce1b96,4
71cc0a02e,4
d59322d58,1
e12797ab1,2
05252b175,4
4d7fd1ee8,2
93cfea76a,3
1a56bb056,1
345b95213,1
57af29aba,4
5accbdfad,3
9b6c3beb5,4
104c799db,3
14155e8c0,4
8bac2d757,1
ad56c5705,3
8170c6b01,1
faa139539,2
553752e54,2
4ed26a84a,2
fee5e43b2,4
bb4e0ddb3,2
e488a36cf,1
3863ab300,4
45bec4a13,1
6975353f1,1
0fb6881ae,1
d0c943132,3
132346d7e,2
284c50f77,4
d5aedc48b,3
daabe5f9d,3
e8b34f964,2
fc7706b56,1
bf74b13ab,4
6d3930bb1,2
0fd78af13,3
ac1eab621,4
d5f441f79,2
eff5c562e,1
cec78d912,2
32ad56035,4
1b7d01262,1
bb5f471dd,4
ee2793324,1
d6bd8b0f6,2
7b1c82382,3
6c75b9082,3
31049dc2e,3
ec0ef9572,2
7ac41d8ae,4
81a805fda,1
e58bebf13,2
444d1c6d6,4
9a1715a97,1
53b3ef282,4
d7a002088,1
43b277272,4
5e17c1fde,4
0ea0beb3c,4
8f331aa22,2
c4894fe2a,1
a8a8f95f6,3
092b32197,2
5e3994257,1
906ee1877,2
f461cc30a,2
01c7411ef,4
1e115d8ff,3
258fe3053,4
46b9595d0,3
03db2966b,3
7ecaa8636,2
6094997dd,2
8bcb0a0e6,4
0658597c9,0
df89cc1e0,1
34d903f17,4
07b2a1416,1
99b55ee76,2
0f366f264,2
e1c14443e,1
ba16888d7,2
0abff77fe,2
7d21dc4a8,4
c517992c8,1
0a38a1059,2
234a5a54c,1
d69a1f2a1,3
03f217352,4
e4253889f,4
8f85e69ee,4
2bf834f39,2
bfcbca117,3
ef4dce041,1
76aa06fb0,2
c38afccab,3
189eaf5c4,4
687be6419,1
6dd6775e2,1
fc9cf8b8d,1
6b86ed0e0,1
500728fdd,3
2b3ec0f96,4
25c7b5c5f,3
fa4314902,4
7013035d9,4
8d8ff1b29,4
5c5f306fa,4
ff6118cc2,1
0e4049f6d,2
c58018973,1
ef086278a,4
d4e6a9aab,4
038d06218,2
9ca6debf5,2
29ca8f313,2
5247209aa,2
858f4c013,4
0910c13a3,2
c36860383,1
8c5bf2766,4
8df0bb3b3,3
7efd5522d,1
b7e584546,4
110242085,4
7be394a98,3
5dff24075,3
a85457e16,1
310b5199f,0
a009a2f0f,4
2dc54e9fd,4
bc7ea0a3e,1
6296e909a,2
51a0d55ba,2
960f1a1d8,1
00904fc2c,4
951f0f32a,4
b5c0db93a,2
be07596c5,3
6824120c3,4
b6f77d754,2
194acc3f9,2
38470b3c1,3
45dea4033,2
eb81b0503,4
5b26ccfdf,4
449290a8b,2
f4ed1a08e,4
dd5797b7f,2
95eb301ed,3
6a908a708,4
47ad34749,1
67f351876,4
166040493,2
bdf4a9ed9,4
a34b7e199,4
d1d9012db,1
44ddc2e22,1
94e45a1a7,4
08a71b8d1,3
52d0469f8,2
1c9a90078,4
56c329fdf,4
7c559dedd,4
6b10d4880,3
a76fa694e,4
cbf3467d9,1
ed5f14fda,4
107864aeb,1
a237fba21,1
46d88ca3e,4
91633ef0b,4
208843e22,1
09a024035,2
9f48a8fe6,3
509180812,4
4ac47ceae,3
3d939327d,4
b3f69b209,1
9e5011264,2
f48b3cebb,4
bb32a589b,4
dbaa03313,2
27104e464,4
0d305f8c2,1
a17411df1,3
226e8fe7c,4
da1e7c53d,2
28cf4a84d,4
382cc2865,3
49006b8c3,4
36ccd9729,4
3fbc4677d,2
f6e45accc,2
68ab069e3,4
12380b365,4
082a9b790,1
62eb0363d,1
2208d2be1,1
bf9ce53b3,1
f0133d72c,1
6be26ea05,4
bd7bae691,4
b67261194,4
2260ef0a0,1
bc681e945,2
b97569bc9,1
9fd2b640f,4
d981b6395,2
e86af84c5,1
a372e8416,4
59f4e3255,3
6846c8719,1
07c284733,2
35fdb89c9,3
98673487c,3
cfa67dca2,4
fc4b199fa,4
27830acaa,2
78ccb8039,2
1be1868fd,3
a84afa62b,4
9945b5ac5,2
a21f5e84b,2
b62d80c49,1
c2aeb6a1f,3
706c85343,2
0eade2f7c,4
3ed4ada33,1
718c4b524,4
6bf6880bd,2
1a2c23d4c,1
4fec4436f,3
271bb0de8,4
06904db12,1
8d05a7ab1,2
d2d37c3c3,1
3a9f1c036,3
8c4c4bc6e,3
89c980093,2
ab503c64a,4
eb11a4321,2
3e924d284,4
deff069a2,2
506697cb9,4
6d22192b4,4
a72492a9d,1
ff9d8cb25,1
98567db2f,3
189bb90dc,2
6b29b45d9,2
ada1e6f38,3
021cb10fb,3
6e60043fe,2
76042f693,4
25c48e7ff,1
532b5a798,3
af4941f15,3
3a88e6c8f,1
632b28a99,3
c6942a43f,1
64f41ee68,4
9e1caf559,3
ec0316213,2
7bebfc2a8,1
871ca78ab,4
446748891,2
36f1c9d61,3
700de2c49,4
af514b027,2
6c5079e85,1
4f4028c04,0
147a0fbd6,0
b47109e90,3
1f9b856e0,2
20f82514c,4
e935ae1d8,2
3757e3734,4
57cd5663c,4
80ec7f00d,0
ba58bb1a4,2
a7a44933c,1
385028a00,4
ac31057e6,3
d35a6449f,2
8a4c95abd,3
e9eeadf82,3
8a3bb842e,3
5f9a836f8,1
5aeba57be,1
05c46d875,2
e0238b8c2,4
a2a899dab,2
f87c02978,2
ae6f25120,1
48d1e6446,4
72f891e55,4
748ca0bd4,3
929528b36,4
f9a962ccc,3
b4f1bc76e,2
1035db262,1
72519f841,1
6f08e9c5f,3
35cc85250,1
29900d942,4
24e5e366c,1
ca75db93c,2
fce9a96ce,2
41ee5af3c,1
284be445a,4
516646a4f,3
23463f8a8,2
f385d9645,1
df1d3b1ec,3
015da9e87,4
1a6729b6f,4
53923463d,2
17d90c2d9,1
14b3376eb,1
b01a81451,1
5b4dd9fb3,4
082838f84,4
2fc5c49c1,2
453750088,4
c994bc1b2,2
fae1e95de,2
573f51aca,3
87f4ea65f,1
e267af6d8,2
239495f90,2
a7344d7f5,2
ab3759aae,1
49382f7cb,1
76c3b16af,2
75bc667ae,3
baefc2985,1
e20655a10,4
ad5021d77,1
ee7c25387,2
4e3a1f99b,4
4891fdacd,4
59b66be84,2
9c996aee9,3
db08f8564,2
ae4e546cb,1
5d2f7761c,4
2172fb9fa,1
405b63ca5,3
54c5d6442,0
1a783228c,2
f068b8fdd,4
09e64ce2b,4
7ecd54695,4
4012be917,4
f0bb05fc7,2
ce0fbe463,1
2f05bd40c,2
ec2c40301,2
ae1db9841,1
f5fc7d4a5,4
4872c28b4,4
2ddbad288,0
53037f091,4
99859bab7,4
ed14eb16e,1
0b459b60b,4
1c16e813b,2
3dd6ea6bb,1
c6bb64d82,4
b3faddf18,2
d56553e2d,2
bfdc4cd9d,4
8ced67d36,4
c4a2fd15a,3
8da7afcd4,2
281e2d7e8,2
c71d537da,1
65829d12f,4
e833d08bb,1
28cc87730,3
30669fef4,4
3b61f8d97,1
a0c584c54,4
26161bad4,3
347be28a8,3
6d5b6616f,3
fc8c8d169,1
be7fbd988,2
092e6a628,1
f70a1bf5d,2
b3408d846,4
289112dd5,1
408d4d8e0,0
d33f713d0,1
a4c8f64c1,1
1c7d56a42,2
92d0ff357,2
dd8817ccb,2
8079e3a1c,3
f8bf52aea,4
e0d71d1af,4
fb30a71b2,2
7867f152c,3
87a16f3fb,2
0e1b8bb74,4
72418da1c,2
46ef61c91,4
fe2cc3feb,1
c8c313331,1
9351d5173,2
40156a896,3
1d911bffb,4
4a9d058f6,1
b7656e70f,3
6a8f9aa52,3
76e071fcb,4
42331ae6f,4
2ad3a6503,3
18f45d2ad,1
8a45e8492,2
df2051351,4
6e06e37bc,4
6a6e8e4eb,1
27bf3ae34,2
e481cf862,4
5afe2ebbc,2
e77b5a78f,2
c444c2936,1
3fd75e77d,0
803594e09,4
a6830bac1,1
fba2f803d,2
68a603bc3,2
57b9d7903,4
9bb035799,2
ef80d0222,4
d46569700,2
f3207cde7,1
d4ce7a1ed,2
a16f85c6f,1
073484a7d,3
2177b28d2,2
c9439e71b,2
7727b4dae,4
4a3380641,3
88487194e,4
26f026215,4
23cdf5f21,4
9e9a3285d,2
c790696c7,1
93df8b5c7,1
4b628f538,1
df6048227,4
4f623a979,4
c51c9e136,2
570b3eb92,4
f8efa040f,4
236dd6cca,3
c6c1048af,4
a734e866e,2
8e0d65b3e,2
0ac81fcc4,2
3be9dc4cd,2
ada6358f5,4
492fe3371,3
ab1777794,4
7964fc4ad,1
e72120027,3
c8264b581,1
20e4dbf48,2
bf87b176d,4
80de23d7a,4
138c79a01,1
67e6db7dc,4
da4b60344,2
d3dacde96,1
2c983fe89,4
c59fe4bcd,3
0ffe99b25,4
bd3fb8531,1
d4d6997e3,4
a3b415951,1
91bcb5a0a,1
4fb715361,4
74c7373bd,2
86c131c22,4
605fe21a1,3
ddd632a5f,2
110682438,2
9625d0998,1
d61dd6a6b,4
bbe2070aa,2
5c3d3fb3d,2
180f1ef16,2
bba3070ad,1
f0ac9ee6f,1
0052dcf47,2
0d551fb5b,4
2bec9dd86,1
2ac979cf7,4
187b92014,1
e4c9325d9,1
5aff9022b,4
2cf9de0a6,4
3d0b85658,4
0adebbf21,3
a578345c4,2
275df2552,4
ef30ade75,2
3991dd72d,2
3268dcfd0,4
8ef276c3b,3
31dbaafaa,4
5390fc59f,2
eee0b299c,4
fcb911968,1
b1a6fb38c,4
368b2adc1,4
b08012e7f,4
6344c2cde,2
c220b4764,4
d0b74ed53,1
d0f4115e6,4
0ac279a25,4
82e86dcbb,1
5698c00e2,2
db957842b,1
84f065b56,4
85188cb67,4
7b1211e80,4
f8530e295,3
a98d5b83b,4
af317c330,4
18f9fe19c,1
48c5a3c40,4
525b3147f,4
7432630e3,1
274c7f123,4
a4385e043,4
56ba19506,4
f0788c412,2
5360d72a3,1
4c3a2c536,2
6f12e6d07,3
657a54d36,4
91f87fa27,3
bfb33b149,4
b1988cdd5,4
bed675184,1
1cd5acd7a,4
81d82bda3,4
dd056b65a,4
e7a24f9e9,4
cddbe627c,3
38fb7c50c,1
f824e33a8,3
abdba6d36,1
559afad4f,4
0b6022baa,2
16673c028,2
9af8f154b,4
50af81612,1
da9339584,1
603892936,1
a2c44e0b3,3
c753c9bd8,1
c4718084c,1
08f54d056,4
7a2cadc09,4
f22f3578c,2
4c9cd051a,2
aabd8c0d6,4
f47679843,2
bd74f5ce8,3
1a54d4e92,4
e79dc4f9d,2
798a0cb05,4
6348b55cb,2
61f0927c3,4
f0137d4e3,3
0597b1859,1
89bec6af3,1
4c9f111f1,4
da424cdd7,4
1877d9a0d,4
d2512e37a,2
1fd464902,3
b89a89c58,2
30b9fbf81,4
f06cf606d,2
2618aa6a2,1
379da0b71,1
841bcd63f,1
6709f43e8,4
b8580c770,1
0eab258a9,1
7564c7b62,3
8ee6dae8d,1
3021613fd,4
79d56bb63,2
6a9f15d94,4
3928a4b23,3
2b82af067,2
52e6abd35,0
bb90447e5,4
f9df8656a,1
4335b2207,4
70503cc75,2
eb77ec282,1
c69bdf768,2
69a7461c2,1
c78cea205,1
84222fa53,1
e1ecc1b26,1
86547ad6d,4
11ce5617d,4
1ab364834,4
3099254c2,3
6b5c799b5,1
08710204e,1
e30182214,1
15ee5f008,2
fc5f63812,2
4910ac042,2
5edc72757,3
6afc6acee,4
b92781dca,2
3f169c299,3
f892c5908,4
f27915d51,2
9b71a3c06,3
6178884d1,2
a516d6ea0,0
9ebf6e448,1
1da4026cd,3
618bb4def,4
5376c81df,3
e2b705117,4
b533529a6,3
b79275092,3
470fba174,3
4c3bb438d,1
a25c1fe02,3
ea9003f0f,1
b319a0cd7,1
239b75387,3
45b295426,1
773243cf2,2
62b9cb163,3
8ee8b9d0f,3
32bc0b4fa,4
27a8bdbf8,1
5183f369d,4
455d243eb,2
10b9af23d,4
4baa2968b,3
affeb8b58,1
e617dd078,4
d4e9f53c9,2
2f3ff5116,4
fa323e99f,4
95af010cb,1
548df7912,3
011350faf,4
26b1d01eb,1
9d876d83a,2
9a4bbdd8d,4
f88144b9f,4
10b669bea,2
92caf1d01,2
e62224eeb,4
1123cd69d,3
b03983a09,2
045543730,3
59a08eeec,1
d3411347b,3
bdffad31f,1
55a754f92,3
fc19f9c36,4
4dc936ac7,2
05bbc9111,1
6d7d7753c,4
cca005e96,1
73b5c37dd,4
d6335be38,2
786486296,4
705d4f296,3
45d2ddcb8,2
1f58a286e,1
a0b82db0e,2
ef8d291b0,2
625543b75,3
c7bb75711,2
f40b68c08,2
a52a7c357,2
6c196faec,3
19d68bcc8,2
85ca390a0,2
16349e686,2
e73545fe5,2
c0b1f82b1,4
f67dcb4b3,1
faec94482,2
5e6a7ea61,4
ea099a3ec,2
52a23ae9d,2
a47931d69,4
0c05a138b,2
f4ea05a34,2
3f0c30d12,4
4b6c04393,1
45af03266,4
a5a4898db,3
27e649547,4
718a5d950,2
94ec1c180,3
117059fe3,3
f5e35ea02,4
f0ee32b27,1
9593c0350,1
8e01a6de2,3
2d7b61eb5,3
046256943,4
eb6c579d5,1
141b5d279,4
e45ec98a4,4
18b6fc5f0,2
3a67f200f,2
13c4c2d4c,4
da7895cbd,3
d7fac1aa9,4
417c09a08,1
b0a24f910,3
ac35bae60,2
67a68df4a,4
271ca0b0e,4
1bec8eb5e,2
7dac377c6,4
fbcf2baea,2
5e21ad5a7,2
dfe7a59b4,1
28ec2de89,2
2f3d368d3,2
de34278bc,1
19470706b,4
89c8b19eb,2
02f31f1ba,3
83defd365,1
bc14cca27,1
63f2e0940,2
b4ba15dbc,2
7f4fb6f7e,2
f310c42f2,2
39818f12c,4
9ea482068,1
56937e269,2
732fa3cb9,2
c6ce1ed64,2
8d8895245,2
1250404cf,4
8d876343e,2
9999b8c82,1
da8d56dff,2
6b24d9186,4
6aa9012fd,1
b60e920db,4
dd9bf8c28,1
56a0c2ccd,4
a486e2ab6,2
25bdd7d90,2
8fb06a963,1
8bf15c0b6,1
8d6c8d486,3
a7d44898b,3
a684871b0,4
04eda1e46,2
b16cb3f1e,2
1e45f7387,2
fc7f99ad7,4
d7c661670,2
17be61e34,4
7eb0b42b1,4
3af6477aa,4
fe790ba60,4
c740abfe1,4
08dfce1e7,2
9d513f46a,3
262c8cc14,3
fc2925be3,3
1696155ce,3
a0825ad18,4
de2d4f372,1
237343008,4
1b3dcf712,4
6153f9d64,1
990eec1b0,2
eb6bb82fd,3
c5b782f4e,2
4546c89b3,4
0e8a11aaa,4
05bb80312,1
d9fca8be8,2
1ce065496,4
4fbe0c2e5,2
71deb8267,1
9430042a3,1
42b8f0aa7,2
6f85ce1a9,4
2959602fc,1
e7b5ed1a2,3
ce5e6e407,1
d90bd59c3,4
b8f94e1ff,3
dabcf0e55,2
acd9e66f1,4
890127ff5,3
f94d8a2ba,2
ac52ba660,4
6c551fd9b,2
87e6807c7,4
bf6ef8c07,2
cdab9b66a,4
e3b589e13,4
229d33382,0
fbdf8c03a,3
82ab0ebbd,4
810ae61da,2
7c37095b6,2
64a0deeb0,4
af1b915b3,4
e4b550d46,2
5701c7885,2
868fb91f3,1
909d9e158,2
06abc52ac,4
bcdaf8640,4
6dcbe818e,3
3df923a0e,4
d2dd7e8c2,4
6ff9b83f0,3
99558ec92,2
dcd75bfdb,4
75332917e,3
63afbf2f2,4
69daafdd4,4
0e80de8ac,3
a6b5ed0f7,3
c91bfb2a1,1
5e3dc5d76,4
6c594bfb0,4
36bb93372,4
e0e392bfb,2
86ea9dda0,3
d3ac21f5d,1
6d2c3b550,2
90f1b0525,2
da7fe1120,2
6d84d3a2f,1
4463622c8,1
e2198e9c3,4
6edcc1f1b,4
375794bcb,2
469894776,2
b76e8c452,2
f12fc9ea7,2
4c26cf05d,2
bee984e11,4
8b0fa13e1,4
2c5f2907a,4
f0d254628,4
6ac437438,1
dcecf2ba5,1
043d8c534,3
edac63019,2
8e3fba2c2,4
9f7bf4f71,1
27ce98a2e,4
fc2012c7e,3
ea7ef6aee,1
ae64cc2e7,4
a30803552,2
bd7f4fcee,2
86dec16a3,1
5a089c77f,1
b48aa9d4a,4
f2117b204,1
a5f6e77bf,2
47fc12331,4
7fab9b8f3,4
96e9f6fd8,2
2691a20c0,4
a01a10c4b,3
e809de3b9,4
bdb89b424,2
5e7b512bb,2
183e445ea,0
42444811d,2
c611f493b,4
64070899d,4
6c9aeeb27,4
934546487,4
b53990a1d,4
f2ff942f1,4
e68926f8d,2
4555f9273,1
733b7cb27,3
6ab1ff108,3
f749cd744,4
a45142177,4
143027239,2
bb2a61d2b,1
a8f43bea5,4
409740892,2
2d572bc20,4
35c0c3aca,2
dd015cd22,1
17d578acc,1
e79487c5d,2
113252df2,2
b984a461b,2
3cc573384,1
ad6992c20,3
f62e604d6,3
bac34e381,3
228e88a51,4
b63d76ef4,2
7b79e52f0,4
7115607a0,4
890e7be2b,3
02a8e44b1,4
ec59f8c50,3
01dac4b22,4
3185aa328,4
1e1727250,4
ceed27182,4
db635ae93,2
727d25d09,1
a9914ea40,4
b93a2c373,4
4a0a6f8a7,4
99d5d4d41,2
2bfc5658b,3
b99644a34,2
ce0294cec,2
828ac8371,1
8f1ccbc6f,4
842528c2a,3
34c4e74a9,4
dcc316599,2
37d0748c2,1
dd308e46b,4
3e6d8a2c9,2
f0f9efd52,2
b2937acb6,4
3e768f382,4
a0c037929,1
fd1cd576c,3
c66f97de2,2
040a9a6f9,4
5174e0542,1
7e5d4e317,4
2bf818d30,4
81c442177,4
c2d6ff297,4
01928bd13,4
e0811bfc8,3
b2f21fe63,3
6cb63297c,2
7d6298b6e,3
4d34524f7,4
a706b0eb9,2
94a4357dd,1
6b6cb317b,2
8a804d93c,1
6dac572be,3
447be811f,2
45bf47f58,4
e4460cb03,3
10050c93f,4
1a1283447,2
529025eb8,1
57f322839,4
fae628c13,2
481a37c0f,2
9d1012529,1
11a3fb06e,4
2cba60aeb,1
fe5ed81fd,1
f7754af59,1
91bab29e9,3
400e57095,4
102c931d8,0
9bbd8c277,1
2aadf6110,1
de12dc945,1
9f07e2b51,1
f1df75b45,1
a399a151d,2
aa3409a07,4
7cd4ec150,2
8d6208f11,1
10836809d,3
b165fe8b1,4
a9c968c38,4
6593bd2a2,3
ec182ebc4,1
954a6e415,1
703f1a4c4,2
d3740baed,2
08a9b6f29,3
b3ff03304,4
7028931ed,1
1d5be4060,4
ff2224b9d,4
fbae7b0d5,1
7ffefe87a,4
245d6e033,4
2c46efe8f,2
7509ed502,3
da9d78f91,2
db23b96cb,1
ab4ab38d7,4
1bbf00182,3
311e28b8b,1
7687b7da2,3
3cc9490b8,4
7f3f14a72,4
f04c098ed,4
2c93c0c11,2
a21b6c40a,2
e772235aa,1
092fa68bd,3
404eab70f,4
1ea9285ea,4
9bec6db97,2
dfefbcea0,4
e93ec1c41,2
63e388a8e,1
bdde3b5ca,2
9296eb09d,4
5fed61438,1
6ae92889d,4
7b6629627,4
0adca3f66,2
1ee4a9e81,3
c6e763332,3
fe726b9d1,2
205714da6,2
fed43b600,2
a56d6eceb,2
c960b413e,4
1adb292f6,3
7e48ad81b,3
4813a0d67,2
6282ddf87,3
62550cf78,2
bf6cde86f,2
1bd13d3e5,3
286ab1e93,1
e7e23bfbf,1
8f0468771,1
56ddc4f47,1
c7f4e4fb5,2
6230b6c50,2
8ab53c55c,4
ae9a09ad6,2
ef7870add,3
28c3c4264,1
37204e0c1,2
2be9fa813,1
c06b6d8bf,4
e86a055e3,2
7cbe52a0f,3
cb15b5fb8,2
2562fec96,1
8063090ec,4
1bde9cc3f,4
dffb9869f,1
e7e1904f4,2
f9464ddbf,4
d1052eb2d,2
214dbc1f4,4
560d2b399,1
ea4fe7ae2,4
cef0e42a5,4
f66357936,1
a4e09a814,3
1663d062c,1
65e65ba4b,2
646fe5d09,2
75fccfb43,4
9414e54b1,2
b0855d1dd,2
331a14422,4
b2e46582a,2
f19397eed,1
87a243fe6,1
b17f7a1fc,3
f70251906,4
fb9390214,3
77a6f71e8,1
b0be76af8,1
500fdf3b1,3
62d911513,1
39f1d116e,2
6438c6b3f,1
ac813296c,4
5f2edae7c,2
f3551e91f,4
f1f4773bf,0
ec6bb5fb6,1
91add3784,4
ccf24ab8f,4
b99d5d532,1
03a92a94f,1
16d94bbb1,1
83233d345,4
451d17b57,3
d22eb6266,4
9b93196dd,2
d24c30b4b,1
efb7343fa,1
072bb91b4,3
351d1e748,1
4a6e23ad7,1
df6f884c0,1
6cdc6cab4,4
41c163f8a,1
e4e128c70,3
0ce5d0b5f,2
3c43b7541,2
68e6d1bd7,3
cfa2afea2,3
63697128e,4
fb00c8969,4
006610fe3,4
c1c16ac86,0
adb33dd61,1
dba9050f5,4
14efbbb85,4
45c2eb379,2
bc9168a46,4
9b6b350c8,4
425804cd2,1
903523a17,4
44a0c16bc,3
b3ae374f7,4
062633cb1,1
a4cec9f83,1
9c777bb01,2
8cfcbd9bb,4
66b978701,1
9daa740bb,4
b85cdc8a5,4
e90930a27,3
e09995135,2
0e9eec98f,3
c0c1504db,2
02387e247,2
e24a30aaa,2
b100db162,1
9a7885841,3
e4f117930,2
4732c7563,4
7a1d75edd,1
5c109cb7c,2
e3e5ffe13,3
6a5c652b5,3
9031a7f4c,2
08f8df31d,3
c2b92d7a0,4
eb9b9400e,3
de1a20009,2
e9e6aa241,3
13966b6a8,3
4ce620a7a,2
33db028cb,1
182faa94d,2
f0063c5b6,4
f5a34370d,4
afec4c35e,4
4f6c8d13e,3
1f7bf1b32,4
7276be56b,4
0f9fd5688,2
baf543aa6,2
bad270818,3
53fba6573,4
9f4a72311,3
bd4059588,3
abf02f04c,1
a2cd0e1e4,4
50ad19176,2
1c59513dd,1
3d51f4560,2
874e791f9,2
e0b36580b,1
a878a916e,2
926070c80,1
9d9197e7e,2
87074d17f,4
e301ab49c,3
97dc40c6f,2
39ec77c60,4
f05665d6d,4
23bcfa015,4
56e231a77,2
2b8832432,1
cdd7aee45,3
9d602bd84,2
8939a1ac8,3
5b55086b6,2
730a09014,2
1ba29c00b,4
ab5964338,4
c43ca0a88,1
f6551137d,1
daf1a8d08,4
bda2d149e,3
65f311c09,2
97fe7f730,4
ff96988fc,4
47caf7ad1,3
a8ba4dfa1,4
b2048c71d,3
de9e7e87d,4
a9551ed6d,2
8a6701090,4
3fa0de4e4,4
082b9a2de,1
102ed9019,2
e849142b2,1
5377c3a3c,1
df9a4b31f,2
aa1add776,4
ec57adce7,4
56147c737,3
2599e55c5,1
f3aada535,4
cb492add6,1
e77dccf0d,3
2e553e40a,1
9cf90beff,2
10ae2697f,3
0719de933,4
e2257ac60,4
ac49bdbdd,2
c662b7876,2
f97c8edc4,1
4a0d03a9f,4
0d6cb5b69,4
243f7f43e,4
0d116bb3f,2
abfcb22bc,3
d815333bb,2
0e12b9baa,4
4e991c023,3
00bfa5da9,1
98c1efd96,4
f65fe3e26,2
b62fc7bde,1
597a7afc2,3
7667378df,4
918408d22,3
cd4b05b8c,1
f32059805,1
fe2d576c2,1
3711579ed,3
6ab4a944b,4
d68301fb2,1
54cccb3cb,1
b887b2037,3
28b4420eb,2
a2cd5b78a,3
d56096e79,2
8cbae6e2a,4
33bfeb403,3
3853ff1dd,2
2ba019cb8,2
b83e15288,1
154d24447,1
95b5a7b19,3
948f580dd,1
638a1f488,1
a5a240214,4
cb5ecf136,2
80fcb8392,2
a4b96c3f3,2
7feb1774c,2
2b6e5343e,2
8b65f9305,3
3d751fe45,2
58b4ba48f,3
207c30391,2
7ae269152,1
f836696de,4
01da89f29,4
f522ad8d4,3
79f41f755,2
022429d5c,3
1dfadc371,3
fe41e15d5,2
ff5ea4f84,4
16abc088f,2
fb4814fb9,2
07102e682,1
7112952b7,2
2a6884283,4
829889fa9,1
1d90e5473,4
6632022cd,1
81f1d4d5c,2
f5e9075c9,1
1f0bb9d58,2
e1f08c5b2,4
262c36889,1
ea9ad03dc,4
d584d51b2,1
e976f3d3a,2
6ff2ae40f,1
497d68d48,3
0b04b1c7a,1
79b3d41e2,1
976fcf5a9,2
82ee2f3e9,2
4446dde7e,2
aba512b8f,1
befa8a395,3
a7554fc9e,2
4d101a0c3,3
02f7300db,1
54e7cfcc5,2
596cf7334,1
ca39f5e93,3
4464fa621,2
e27ac6865,3
d8a94961e,2
f056ab9fc,2
0fb548aac,4
af93d5c2b,4
7ee6fe581,4
0f1136ad3,4
1bf4a2ca7,2
7028ea673,2
3c7dd9982,2
1d03b6d7c,2
7ec0f1e9e,2
7438f5d52,2
57abbd25f,1
9c263fbc4,4
c9dcd3fb3,4
04260adf8,4
8623ecf43,2
be7b65c23,2
e2e5b8ae2,4
9cf741863,4
c2b2da9dd,1
76fefc6ab,4
f5819a31d,2
615df1d7d,1
1929d8aea,1
59e59bd5a,4
22ae95c51,2
1f4a53e6c,4
ebbf04d10,3
73de2789e,4
f3b29563b,4
f497b28cf,3
b6450abed,1
d23a1962d,2
6945dbebb,1
93ea39e5f,3
870e5566b,3
61d4dc56b,3
ded8d95c0,4
be2119ed0,3
cd9c84ec2,4
22594186e,1
2ee5073bc,3
f29cacb97,3
d5cbed556,2
784ec5ba3,4
2b980afbc,1
05d10428c,4
e994888f3,1
9ec6fbb61,2
9a770c49a,4
81a815ef5,2
1e6970298,1
358517d09,1
b663aafeb,1
b114199dd,2
69f4a00df,3
c8c8ce5d4,2
1a0395c7f,4
affc18183,4
1c7619fdc,3
98b1b003d,1
c9feb3eb3,4
124e6af5e,2
157f9809a,4
3bf7bccc9,2
54b2051c1,1
441594b56,4
350116b16,1
b677eae2a,2
d687c7171,4
5dce619e3,1
7330b19a5,1
553164b93,1
e8e054802,1
a64ca36ca,1
4bb0c8226,2
397be6b99,2
d5f80598c,4
7a0942d61,4
65b05f438,1
29e6c171d,3
a16c6d55d,2
bc7361016,1
148f526cb,3
c82705cf4,1
66bf65c82,1
7ba58565e,3
2a06a5244,3
a1c1dbf8a,3
1f7363767,1
2b3fc0265,2
b4cc525db,2
0c0214da4,4
727567154,2
f31b6eda3,4
26e02fdeb,2
e32f5a36f,4
f2472c8dd,3
c260c7b3b,3
230e1df8f,4
34884c9fc,2
a6239b2f3,4
1377d2c0e,1
9a7474fd8,3
48a2123f4,2
c2558c319,1
15dc4c629,2
bcb22c952,3
8b34370aa,4
9b9976e20,2
6085869a7,4
ed4604a70,3
a05674125,4
8f38dbd18,2
c0898504e,4
77fa5cdd7,1
3ed60e624,2
f98e4f7b6,4
b1cb5d0ec,2
8f5d6ee4f,1
44a541574,2
d76134f00,4
cf49e1549,3
585a4d5b9,3
9c0f6076a,2
9bc084196,1
365f29337,4
b631b7e4a,4
5b2e5e410,2
05f84991b,3
086ed2122,4
d81a46211,1
207aa47a6,2
467faacc0,2
4e3e1ac61,4
de0a86ccf,3
fa7c7d1be,3
227580301,2
ae4ab31ec,2
7f4e5c2a0,3
ba79cfddf,1
d2fa0b0df,2
fd1bf9554,4
feb06d776,1
2c7a8ea18,4
416cb5d6d,0
23d784a8a,1
b3fb62c05,2
bce2ed853,4
897fde926,2
cdcaefa4b,4
fc93e5aa5,4
183c947eb,2
3b4f31dc0,4
52ffdc6c2,4
c72cb0d9b,1
c4ea89ddb,3
25c7d6c3b,4
96a35824d,4
794c57f72,2
fd279ad95,2
7acaea66e,2
5b4e331cf,4
475564ad6,2
71eb4e3d5,1
2398599fc,3
68cdd6d6b,3
426bb5e4c,4
14cbb81c8,3
72896003b,2
39afc4a19,4
d9c6517ae,2
93ccba02b,1
0fd9076d7,3
bd263a880,2
2c7a874ee,2
556599752,4
1fd1d2349,4
b5fd8a091,1
f66e4eecf,4
1e2cca514,1
19f0ef706,4
8670bd551,1
4bcc9f10a,1
f506d3fd2,2
64cf73826,2
4f9031dce,4
975cf510c,3
1045bb4c4,1
6ce40c2bf,2
53eda13e6,1
69d95bc54,3
9de6b8550,2
fa3b3b348,3
668e0428c,4
d37c4c951,4
24e2e049e,1
be21567c3,2
e6ae12115,4
20f870155,3
61dc8345a,3
ddae7aede,1
fa1badbb7,1
ca5a9ff9c,2
21db2af7c,0
d54d84b63,2
db2d1ccaf,3
5e10e3f87,2
90e582b0c,3
45217971b,2
a59aa3f80,3
8d3b5e6e9,4
80785f31f,1
6326e5387,3
a9e753cc1,1
505ef85e6,2
0063bd7e0,2
9cd08bb2c,3
fd7c54ba8,2
fa87afa7d,1
e6e536800,3
6dcff2b5b,1
ab09748d1,3
78e5e19b6,3
7df257784,1
6a48f776b,3
2786b8c37,1
b1fb39ed5,4
400a15912,3
ef9154afe,1
400cbe759,2
7b70b7048,4
86ce90970,2
18cd75354,4
6517af927,3
0b74f813f,1
e94581522,1
e46373e2e,2
59a3ee7ff,3
107c49414,1
f29afd123,1
2c137b9a4,4
8b53dec4c,1
48aa8ee7c,2
b0ad07cfc,3
24c1d5a33,2
6120ace5c,2
41fa17c7c,2
a8c336257,1
df76ee4c1,3
0256cac2b,2
bdd606969,2
c4ab38782,2
8b94ae06d,4
c14ddf8a0,2
9893500e1,1
096c37d99,3
3604fc814,2
1a51506e1,1
590a78f0d,4
1c0aa9866,1
767be5091,2
19cb228a0,4
734123308,3
936fc22ce,2
9fc14401a,3
52af450f8,3
2b4b4e40c,3
acfbc9b71,2
7d18ee078,1
42eac4984,2
cc8459867,2
d33840dfa,4
c34b20922,4
0c17e1f32,4
b3e897856,4
3b3ce72d1,2
ccd20906b,2
5e74dfc90,4
310ea711c,2
cf74322de,1
0ced977d7,4
8ebe54ca6,2
530b7bcec,3
e5f54d20e,4
818d4a56e,2
5bfbb098d,1
ea6129e3d,2
4a2544358,1
eea5bf906,4
28dc83755,3
63912e2b8,4
b60a4eb5e,4
8e7c16add,3
bad8f7276,1
6a864757b,3
9b7179c65,3
df2fbc6a6,3
74e81519b,2
331476348,1
8a99dadaf,3
d005caf41,2
228d72748,4
6f2b619bb,2
64904cb52,3
68df0b84c,1
f53b95c90,4
0eaa0e3c6,2
21fcd15c6,2
662564431,1
ca7aa9eec,3
ab4ef2577,4
9ef475fbe,2
1c9a2baf6,4
20e75472d,3
915173d4d,4
2f4eb5847,4
50fc25dbe,1
fbc8619d9,1
fc7b01af6,4
747359fcb,2
1a4c1709a,3
3a3dc1dab,2
0907a14f3,4
cc09a719b,4
fb3bd80d1,2
88df1460d,4
12653b9bc,2
6d18cc71d,4
6c5b48801,1
c0b75d155,1
a6396a580,2
0995bd489,2
83ea92fcc,1
b356b0f05,2
c82e4964c,4
c09a67b3a,1
dcc58b6ba,1
2dfaf69b5,4
33404ffe6,4
d0e2d8d15,1
96d7ed5de,4
7e8bab7a5,2
9b9e24b37,4
cc9c0e1e7,4
35203bd2a,2
b210e38f0,1
9d8032dd0,2
3e463e29e,2
ab41920c4,4
5043a32cb,1
00709d75b,4
ebd3ef2f9,2
987095c9c,3
3d9ee26e3,2
ff1613693,2
7a40628fd,2
1925aff9d,4
57dcbe4c9,3
e064d3504,2
d0b61aedc,2
6df28d790,2
8c9f6c718,2
61e7f4ebe,1
6da1ee245,3
977cfb864,3
270461683,3
508df8433,1
74084fa99,2
eb1f2f2f0,2
4235841ea,1
74d7a26bc,4
b0f2a1939,2
ea4c18b67,2
83dff4077,2
a63364c39,2
f2816bd92,3
12ffabf23,4
abd366564,4
8b1abca6a,4
fea9183f6,4
b3902add8,4
3bfb759ce,4
a8b358af2,3
2f7da7f8f,4
48317c9e5,1
72e9e5442,1
06ee33d56,3
a0fd5da22,3
4ceff22c4,1
c7402d13c,3
2340f8360,2
a8ea0c6a7,4
ee10dbace,2
2aac3e0ac,1
1b752d78e,4
c70dc1bd1,1
90489eccb,2
b66a5bd9d,0
e92b33580,4
965adb809,2
7aae61018,3
6ec9364a7,2
77a74852b,2
63a5af53c,1
812ec1ab5,3
3f675b345,3
015770429,1
53ef098c0,2
c59199ff4,2
5682330ad,1
6b685abae,4
c23b6bbf6,4
0ff7245bd,4
5ee5f72b8,3
6029e0ed0,2
2b7509f97,4
487abc5e1,2
63c93929a,2
c8172e598,2
6d43edbe9,2
baa4b862f,1
c39e5de99,4
9f88f23a4,4
6d7e560d9,1
14084c784,4
6da06ed36,2
f17d4ab32,1
6c6a5b5ac,1
473caf456,2
8af1b11ce,3
787a8c11d,2
2e1d4e279,2
485bebd4f,4
e5e083218,4
70fb603fd,2
27bbc8c4f,4
43cf0f713,4
63a4f8b8a,3
8a1b27ab1,1
44cd12263,2
debec416c,4
c98d16315,2
1cbe873e7,1
64f5e2165,1
93b1ca32c,3
d4c153877,2
b91ac808b,1
fe1c36fb1,2
2082ad764,2
c5a7f7d69,3
fd3c1a3bb,1
2fab464fb,2
2039114f1,4
89c2d660c,4
27268f547,1
1ff148919,2
185ea5010,4
2de05ee7d,4
615e51eef,4
13469fc6a,3
2e1448ee0,2
bf456451e,1
42b3d53f8,4
0de6709ab,4
3e4f81782,4
0cc3e27b5,4
ad6cfec5c,4
c6d879376,3
850a43f90,1
435bb3995,2
88dbaffe0,3
06634513c,1
9ee7776db,2
805dcae38,2
e877b448c,1
68a3c10cb,2
68d514216,1
e5c42ae26,1
fcffea7c0,1
87f9ef7a5,1
476d40031,2
4ed2fba3e,2
dde8ffd00,4
839733624,1
6e3457b81,1
50d1c2157,3
d470889c4,4
3c155d21c,1
62b2ac9fd,3
fc0b0843c,1
3bb43df82,2
a5f82d04e,4
1f82b8bf0,1
5ab4df736,4
41ce762ce,4
bd8224d08,2
a42c62fc0,2
d7dd71467,4
d76e9dedd,1
3105b0012,4
4a108fa61,1
7b8d76961,2
406528ab5,4
2d9bdbca9,4
fb442ee5e,2
503a096e7,4
08ee62d43,1
65470d9c0,4
de489fcd8,3
8dd28c706,2
eb307c1f0,1
0178fe2f7,2
c272d9284,2
68b8dab3b,2
767b3b7d0,4
acd81a109,2
accca912b,1
9385e1d2e,4
0d4750032,4
ae219ff80,1
52abcc0fe,4
188f8b07e,3
8c28914a9,2
840fbaeba,3
b05231f8c,3
a0c15424b,2
8908c9d99,1
edac3b595,3
70aa95825,1
a1999eced,3
a8cdba660,2
c3ed4c50b,4
5af078de1,2
5c4742e35,4
d52c77d14,4
01b3356f5,2
083787e4a,2
d010fb743,1
48f8d1d90,2
652f89d34,1
bb1775dbe,3
3b0ae25f0,1
439f040ed,1
cbd289193,3
5de1d0c34,4
48f20f515,1
181823d5f,4
df9b18c1e,2
f8c6ed1a5,2
2e726c62d,1
9ca247f84,1
9430d84c5,2
d1be4f433,4
ab8386c6d,4
dfc8a8e9c,1
66757255c,4
dfb7301a8,4
8009b7ac8,2
c12b5f5de,2
f9e3a51c1,2
f99a5e817,0
f0a4b28f6,2
fe88a5777,1
f26e3e182,2
2de425c1b,4
79d32926c,2
15d4c0bad,2
a0401d349,3
9b3e95995,4
43ad546c7,4
9193e335e,2
2e9e910d4,4
f45beac10,2
f7ada8363,1
e69df38b4,4
5ee1c77a0,2
5bf976dd7,3
cf574d89c,4
3dd380ccb,2
8ce613036,4
b446053b6,1
74b7d275a,2
814430b64,2
a575d70f3,1
388cd5b9c,1
7dc33902f,2
fbba51f97,2
323f562e0,1
4679d01e2,4
660cd67ed,4
9d76ed82f,1
a8ce7d647,1
91d0ba5c0,4
e77941c00,4
162e703e6,2
343c1f526,2
b921bfb80,4
ea4cea375,3
ae52ea5c4,4
57f8d18fc,4
6eef41768,4
da8d4a273,3
ea92dcef6,1
40d7cb083,3
cc4670dac,2
b1e94ac2d,3
36e02d379,4
4c0de1708,3
e6292a7b6,1
150257980,4
4ad400ba0,4
5e6c38ddf,1
9adf0f234,2
8d5f95d9a,4
8100c2485,4
5b9d80473,2
c382bae22,4
bb2808ff8,1
803c3b444,2
faf4fd269,3
57d556084,4
a43540943,2
3f4cf8745,2
267162afd,3
e808d9fee,4
01ba4e94d,4
2e3bec724,2
09d9212f5,2
c3a2d4d83,4
1326c53f9,2
c723171ff,1
3feae3fb7,3
abb847f55,4
889ae00e3,4
6fc2970d6,1
e21227d75,2
cc8401c02,2
0fe419dc3,1
48769873a,1
4f735cd71,4
bd1eaf778,3
169fc07e1,2
7c9e28902,4
708189e17,3
fd123a15d,3
89fd79488,3
854edf08f,1
1ad691ca4,3
45cb60190,2
becd6c70d,3
2e9a53eb0,4
920a30b27,2
31f59daf4,1
0a4fc94e5,4
ced0659f2,4
0cdb80095,2
d120df077,1
1347325db,1
d77a6813d,2
79e0ef004,4
1d41418f7,1
0d784a800,4
bec2fe7ad,1
70b7cb06d,2
d70af36fd,4
553b61d90,3
1effd827e,1
822193428,2
0e2bf402c,1
0a8bc19f6,2
fbc6507e7,4
bd0bfa1f6,2
394217006,4
7d8ffca23,4
605eca728,2
13f07ee9a,1
dc23feccc,2
93ae9be69,1
0fa39858f,2
944862101,3
5e1c81876,1
a2cd8b4ae,1
a2dbe6af3,1
1e759fed0,4
3f50cc4fd,3
46518b224,3
a00eaa0fb,4
98ae7d88d,3
4f402845d,2
4168bfd52,2
344b9632c,2
9c1cbec2f,4
7982ae716,1
6223c652f,1
ae0a993ac,4
b94ddd6a9,1
a68e8378d,1
96b8b56b4,3
1803e4c27,4
eb22ed27d,1
2ff9e9534,4
cc2881a97,4
28bafb2ee,2
d3ef2ebef,3
839404d8c,2
254c3305f,3
fbaec0999,1
3dc98128b,4
d37de633e,1
0db65104a,2
c3b263e8f,1
d9175b948,2
ae3ff3cbc,1
9521ff66b,4
3af78213e,1
4436738dd,2
f33f3512e,4
5bd405bac,2
933e0a3e8,4
a89005005,1
d20ea312e,4
86d02f6a8,1
4715f897c,3
1c3f79b11,2
f5d7daf1a,3
300c91d3a,1
9d82e4438,4
eff541eff,2
38a81271c,4
4da0a8ee1,1
7ebe13a93,1
a355a6873,4
3daede547,2
356a9cf88,1
23baf0395,1
6220663ba,2
35ec69571,4
ebf5e5e77,4
3a14fbb8e,2
a1093437e,2
7fe0a86f8,4
7f78e79c0,2
63a1fb887,2
e9feaab54,2
9926c6e5b,1
bd5ac00df,4
d14a86fd4,4
85f71876c,2
3ec367f79,2
898ad5d4c,4
1067bd14b,1
e02b6a2d4,1
6878a6fe0,2
87f75c842,1
cb423070b,1
a89bfa0aa,1
79420447a,4
923a7163c,4
e093c4886,2
8aeff9ad9,1
6eb8a8e8e,4
77d38bd16,3
d39684633,2
0e58b35b6,1
9f3e23878,4
dfb0b0928,2
ca3dbbaa3,4
1fdf2880b,4
93d842736,1
d350f881f,3
10e723583,1
3d9784a88,2
d8664fb93,1
da8326fa5,4
4fc4ac031,4
7889399ac,1
f759dc332,2
be604ea67,4
1fd2f589f,4
7519b8b43,4
d2d48985e,2
bb170fd98,4
2dafa7b63,3
8bb34f0bd,3
62eac41fa,2
799ea79a2,4
6261c9966,1
8de1c1ca1,2
50503b223,3
9ca31b395,2
c5f20f40f,2
76b366645,1
341420028,3
546a913cc,4
6f41847b5,1
5eec2fedc,1
e7067c4dc,2
77322d6cb,3
6d474edc5,2
2b31f1be3,3
f95eb4d75,2
02c40b53c,2
5a358b56f,3
c8d22c965,4
49e00fc7f,1
24573b56d,3
1ac22584b,4
bc7956085,4
d3a6a081b,2
b968b85c1,2
4c1adfa96,1
01c3c09df,2
b66569990,3
92586e5a3,4
12c65f314,3
e3f28534a,2
681eb7101,3
92d5ac408,4
2b5a3c81d,3
59ad17125,4
99c7658be,1
919768bb5,3
4d28b3255,4
1cba86658,1
4e33faa32,2
e42fd0fed,3
cfebb0955,0
6b6d2c65f,4
0e83fbe2a,4
94d5ded81,4
e1262c956,4
cb568959e,0
c6556750a,3
5a60fde1f,4
451bf38f1,4
0c2549da5,3
115a4b208,2
b26aecb5a,1
09f514bd9,2
249112486,4
758a6def9,2
d7a772967,3
1349f68db,4
52820e80e,2
158b502d3,3
6c3a05812,1
794806010,1
e0b6196d9,2
d2161e0a2,4
ff4b9b3b4,2
50417cfa8,2
23bf0ed46,1
42e9334f2,3
678d21531,4
c1db71d88,3
8f1105e2a,2
46c5fd256,3
cad8537e1,1
3a0ebb3d1,4
a22b593a2,4
f1b4a123f,2
383e5b82e,4
86386b0c0,2
95e92b082,3
a31508650,2
35d860fe5,3
c8a528b69,1
eea42fc56,2
1a67ffb8b,4
681be6214,1
1f64d3191,2
c20aa0352,2
cbeb9fc1d,2
cef410e81,1
55c23ed2e,2
32cda3189,4
adfd0f0bc,2
104d9b198,2
f03a41229,4
375905770,4
eab1d3e9f,4
c11df559d,4
ae3ef6983,4
db0a53c3a,1
7575371db,4
34fcc459a,2
591909a93,4
9a96189d5,1
e98593be6,3
91df1b68f,3
b0dec8779,2
79db05f63,2
b3b6d78f5,2
8cf93cab0,2
0b90767fa,2
91f52526f,3
895d8c870,3
30ece8658,3
9ba39bba6,4
4d7dd6115,1
bf42a225d,4
2fb24b53d,3
7ca5ee472,1
93c9866b0,2
2da9b0c2c,2
dc996a1a4,2
21d79f603,2
eb8de7f47,1
c5b97062a,3
1aa0769bc,1
050277142,3
a0be585cb,3
b0cc3078c,2
6ebcc7756,3
efe27171b,1
c5574bf3d,2
24379b58d,2
295a99691,4
515462e67,3
ed1ea1e74,1
fdd191ba0,4
dcba09ff1,2
182aa4a29,1
222afe2dd,1
c46e29741,4
380e603cd,4
d565f7c6f,3
9499f293e,4
fad982f0a,1
5a60de180,2
ee0e059cb,4
f04da2f21,3
f93283e0c,3
0ae5f9681,4
c50a42095,2
2d9dd14b1,4
1667eb8a4,2
069064d1d,3
600f8eb25,2
850cb2e50,4
4b261a0ee,1
98231df17,4
056437112,1
fde58f7fa,2
645914c88,1
5ff1a0cae,2
26fb642bb,1
06df96299,1
931fd5858,1
0149d04e7,1
cb0f41a00,4
0d635d0b4,2
91c4cb54d,4
b39f3f7ad,4
bc1b742f4,0
adc5ada07,1
690de80b5,4
939ca33f6,2
e7d595174,1
0dbb0a012,2
f10643d7e,4
e67cffa8b,4
cc563b215,4
a55a04a05,1
db3fce97e,1
d56674978,0
e2f718e94,1
dcf2641f2,3
07b994326,1
0e70a5a3a,2
0d440b00e,2
a1379a575,1
ddf06fabf,4
a06a2ee4e,3
702bee848,2
6f18704f7,3
48ceb84a0,3
13296aae7,4
5601bd45c,1
640e0b69b,4
acb614bba,3
546cf9e37,2
319ae7620,4
f4c9a0b24,2
b7d2f8186,2
6c929fefb,2
618f4931a,4
ed0185e39,4
bf90589d1,4
0f796d3f9,0
6d53b2d19,1
7bc54baef,4
87615b2c6,4
6f07e7abf,2
3bf6cdab0,3
00ac364a4,4
578b82f50,4
f24991ef7,2
2e9a64836,1
3dab3050c,4
4f6029457,1
b23e29c89,3
0c46298f8,4
2f6cde44b,4
2f3677597,3
256f40704,4
653f94080,4
878e36da4,4
46cf6356e,2
ef50eab33,4
a40116bf1,4
7ed14130d,3
3b2b69d20,4
360215e23,2
0c612e8df,4
9b1241ef0,1
ffe7f0b70,3
